fps=12
frames=25
PeaShooter_backleaf.png|27.700,53.000,0.000,0.5550,0.5550|27.700,53.000,0.000,0.5550,0.5550|27.700,53.000,0.000,0.5550,0.5550|27.700,53.000,0.000,0.5550,0.5550|27.700,53.000,0.000,0.5550,0.5550|27.700,53.000,0.000,0.5550,0.5550|27.700,53.000,0.000,0.5550,0.5550|27.700,53.000,0.000,0.5550,0.5550|27.700,53.000,0.000,0.5550,0.5550|27.700,53.000,0.000,0.5550,0.5550|27.700,53.000,0.000,0.5550,0.5550|27.700,53.000,0.000,0.5550,0.5550|27.700,53.000,0.000,0.5550,0.5550|27.700,53.000,0.000,0.5550,0.5550|27.700,53.000,0.000,0.5550,0.5550|27.700,53.000,0.000,0.5550,0.5550|27.700,53.000,0.000,0.5550,0.5550|27.700,53.000,0.000,0.5550,0.5550|27.700,53.000,0.000,0.5550,0.5550|27.700,53.000,0.000,0.5550,0.5550|27.700,53.000,0.000,0.5550,0.5550|27.700,53.000,0.000,0.5550,0.5550|27.700,53.000,0.000,0.5550,0.5550|27.700,53.000,0.000,0.5550,0.5550|27.700,53.000,0.000,0.5550,0.5550
PeaShooter_backleaf_lefttip.png|25.000,53.900,0.000,0.5550,0.5550|25.000,53.900,0.000,0.5550,0.5550|25.000,53.900,0.000,0.5550,0.5550|25.000,53.900,0.000,0.5550,0.5550|25.000,53.900,0.000,0.5550,0.5550|25.000,53.900,0.000,0.5550,0.5550|25.000,53.900,0.000,0.5550,0.5550|25.000,53.900,0.000,0.5550,0.5550|25.000,53.900,0.000,0.5550,0.5550|25.000,53.900,0.000,0.5550,0.5550|25.000,53.900,0.000,0.5550,0.5550|25.000,53.900,0.000,0.5550,0.5550|25.000,53.900,0.000,0.5550,0.5550|25.000,53.900,0.000,0.5550,0.5550|25.000,53.900,0.000,0.5550,0.5550|25.000,53.900,0.000,0.5550,0.5550|25.000,53.900,0.000,0.5550,0.5550|25.000,53.900,0.000,0.5550,0.5550|25.000,53.900,0.000,0.5550,0.5550|25.000,53.900,0.000,0.5550,0.5550|25.000,53.900,0.000,0.5550,0.5550|25.000,53.900,0.000,0.5550,0.5550|25.000,53.900,0.000,0.5550,0.5550|25.000,53.900,0.000,0.5550,0.5550|25.000,53.900,0.000,0.5550,0.5550
PeaShooter_backleaf_righttip.png|47.000,52.900,0.000,0.5550,0.5550|47.000,52.900,0.000,0.5550,0.5550|47.000,52.900,0.000,0.5550,0.5550|47.000,52.900,0.000,0.5550,0.5550|47.000,52.900,0.000,0.5550,0.5550|47.000,52.900,0.000,0.5550,0.5550|47.000,52.900,0.000,0.5550,0.5550|47.000,52.900,0.000,0.5550,0.5550|47.000,52.900,0.000,0.5550,0.5550|47.000,52.900,0.000,0.5550,0.5550|47.000,52.900,0.000,0.5550,0.5550|47.000,52.900,0.000,0.5550,0.5550|47.000,52.900,0.000,0.5550,0.5550|47.000,52.900,0.000,0.5550,0.5550|47.000,52.900,0.000,0.5550,0.5550|47.000,52.900,0.000,0.5550,0.5550|47.000,52.900,0.000,0.5550,0.5550|47.000,52.900,0.000,0.5550,0.5550|47.000,52.900,0.000,0.5550,0.5550|47.000,52.900,0.000,0.5550,0.5550|47.000,52.900,0.000,0.5550,0.5550|47.000,52.900,0.000,0.5550,0.5550|47.000,52.900,0.000,0.5550,0.5550|47.000,52.900,0.000,0.5550,0.5550|47.000,52.900,0.000,0.5550,0.5550
PeaShooter_stalk_bottom.png|36.100,52.600,0.000,0.5550,0.5550|36.100,52.600,0.000,0.5550,0.5550|36.100,52.600,0.000,0.5550,0.5550|36.100,52.600,0.000,0.5550,0.5550|36.100,52.600,0.000,0.5550,0.5550|36.100,52.600,0.000,0.5550,0.5550|36.100,52.600,0.000,0.5550,0.5550|36.100,52.600,0.000,0.5550,0.5550|36.100,52.600,0.000,0.5550,0.5550|36.100,52.600,0.000,0.5550,0.5550|36.100,52.600,0.000,0.5550,0.5550|36.100,52.600,0.000,0.5550,0.5550|36.100,52.600,0.000,0.5550,0.5550|36.100,52.600,0.000,0.5550,0.5550|36.100,52.600,0.000,0.5550,0.5550|36.100,52.600,0.000,0.5550,0.5550|36.100,52.600,0.000,0.5550,0.5550|36.100,52.600,0.000,0.5550,0.5550|36.100,52.600,0.000,0.5550,0.5550|36.100,52.600,0.000,0.5550,0.5550|36.100,52.600,0.000,0.5550,0.5550|36.100,52.600,0.000,0.5550,0.5550|36.100,52.600,0.000,0.5550,0.5550|36.100,52.600,0.000,0.5550,0.5550|36.100,52.600,0.000,0.5550,0.5550
PeaShooter_stalk_top.png|31.000,45.300,0.000,0.5550,0.5550|31.000,45.300,0.000,0.5550,0.5550|31.000,45.300,0.000,0.5550,0.5550|31.000,45.300,0.000,0.5550,0.5550|31.000,45.300,0.000,0.5550,0.5550|31.000,45.300,0.000,0.5550,0.5550|31.000,45.300,0.000,0.5550,0.5550|31.000,45.300,0.000,0.5550,0.5550|31.000,45.300,0.000,0.5550,0.5550|31.000,45.300,0.000,0.5550,0.5550|31.000,45.300,0.000,0.5550,0.5550|31.000,45.300,0.000,0.5550,0.5550|31.000,45.300,0.000,0.5550,0.5550|31.000,45.300,0.000,0.5550,0.5550|31.000,45.300,0.000,0.5550,0.5550|31.000,45.300,0.000,0.5550,0.5550|31.000,45.300,0.000,0.5550,0.5550|31.000,45.300,0.000,0.5550,0.5550|31.000,45.300,0.000,0.5550,0.5550|31.000,45.300,0.000,0.5550,0.5550|31.000,45.300,0.000,0.5550,0.5550|31.000,45.300,0.000,0.5550,0.5550|31.000,45.300,0.000,0.5550,0.5550|31.000,45.300,0.000,0.5550,0.5550|31.000,45.300,0.000,0.5550,0.5550
PeaShooter_frontleaf.png|22.800,54.400,0.000,0.5550,0.5550|22.800,54.400,0.000,0.5550,0.5550|22.800,54.400,0.000,0.5550,0.5550|22.800,54.400,0.000,0.5550,0.5550|22.800,54.400,0.000,0.5550,0.5550|22.800,54.400,0.000,0.5550,0.5550|22.800,54.400,0.000,0.5550,0.5550|22.800,54.400,0.000,0.5550,0.5550|22.800,54.400,0.000,0.5550,0.5550|22.800,54.400,0.000,0.5550,0.5550|22.800,54.400,0.000,0.5550,0.5550|22.800,54.400,0.000,0.5550,0.5550|22.800,54.400,0.000,0.5550,0.5550|22.800,54.400,0.000,0.5550,0.5550|22.800,54.400,0.000,0.5550,0.5550|22.800,54.400,0.000,0.5550,0.5550|22.800,54.400,0.000,0.5550,0.5550|22.800,54.400,0.000,0.5550,0.5550|22.800,54.400,0.000,0.5550,0.5550|22.800,54.400,0.000,0.5550,0.5550|22.800,54.400,0.000,0.5550,0.5550|22.800,54.400,0.000,0.5550,0.5550|22.800,54.400,0.000,0.5550,0.5550|22.800,54.400,0.000,0.5550,0.5550|22.800,54.400,0.000,0.5550,0.5550
PeaShooter_frontleaf_righttip.png|56.300,56.000,0.000,0.5550,0.5550|56.300,56.000,0.000,0.5550,0.5550|56.300,56.000,0.000,0.5550,0.5550|56.300,56.000,0.000,0.5550,0.5550|56.300,56.000,0.000,0.5550,0.5550|56.300,56.000,0.000,0.5550,0.5550|56.300,56.000,0.000,0.5550,0.5550|56.300,56.000,0.000,0.5550,0.5550|56.300,56.000,0.000,0.5550,0.5550|56.300,56.000,0.000,0.5550,0.5550|56.300,56.000,0.000,0.5550,0.5550|56.300,56.000,0.000,0.5550,0.5550|56.300,56.000,0.000,0.5550,0.5550|56.300,56.000,0.000,0.5550,0.5550|56.300,56.000,0.000,0.5550,0.5550|56.300,56.000,0.000,0.5550,0.5550|56.300,56.000,0.000,0.5550,0.5550|56.300,56.000,0.000,0.5550,0.5550|56.300,56.000,0.000,0.5550,0.5550|56.300,56.000,0.000,0.5550,0.5550|56.300,56.000,0.000,0.5550,0.5550|56.300,56.000,0.000,0.5550,0.5550|56.300,56.000,0.000,0.5550,0.5550|56.300,56.000,0.000,0.5550,0.5550|56.300,56.000,0.000,0.5550,0.5550
PeaShooter_frontleaf_lefttip.png|19.400,61.600,0.000,0.5550,0.5550|19.400,61.600,0.000,0.5550,0.5550|19.400,61.600,0.000,0.5550,0.5550|19.400,61.600,0.000,0.5550,0.5550|19.400,61.600,0.000,0.5550,0.5550|19.400,61.600,0.000,0.5550,0.5550|19.400,61.600,0.000,0.5550,0.5550|19.400,61.600,0.000,0.5550,0.5550|19.400,61.600,0.000,0.5550,0.5550|19.400,61.600,0.000,0.5550,0.5550|19.400,61.600,0.000,0.5550,0.5550|19.400,61.600,0.000,0.5550,0.5550|19.400,61.600,0.000,0.5550,0.5550|19.400,61.600,0.000,0.5550,0.5550|19.400,61.600,0.000,0.5550,0.5550|19.400,61.600,0.000,0.5550,0.5550|19.400,61.600,0.000,0.5550,0.5550|19.400,61.600,0.000,0.5550,0.5550|19.400,61.600,0.000,0.5550,0.5550|19.400,61.600,0.000,0.5550,0.5550|19.400,61.600,0.000,0.5550,0.5550|19.400,61.600,0.000,0.5550,0.5550|19.400,61.600,0.000,0.5550,0.5550|19.400,61.600,0.000,0.5550,0.5550|19.400,61.600,0.000,0.5550,0.5550
PeaShooter_headleaf_farthest.png|12.900,36.500,0.000,0.5550,0.5550|13.300,34.600,0.000,0.5540,0.5540|13.700,32.900,0.000,0.5550,0.5550|14.200,31.300,0.000,0.5550,0.5550|15.000,30.500,0.000,0.5480,0.5540|15.900,29.700,0.000,0.5420,0.5540|16.800,28.800,0.000,0.5360,0.5540|15.700,29.200,0.000,0.5690,0.5540|14.600,29.400,0.000,0.6030,0.5540|13.500,29.600,0.000,0.6380,0.5550|11.800,31.400,0.000,0.7110,0.5550|10.200,33.300,0.000,0.7850,0.5550|8.700,35.500,0.000,0.8600,0.5550|10.100,33.500,0.000,0.7850,0.5550|11.700,31.800,0.000,0.7110,0.5550|13.200,30.000,0.000,0.6380,0.5550|13.500,30.200,0.000,0.6100,0.5540|14.000,30.300,0.000,0.5820,0.5540|14.400,30.600,0.000,0.5550,0.5550|14.300,31.100,0.000,0.5540,0.5540|14.000,31.600,0.000,0.5550,0.5550|13.900,32.100,0.000,0.5550,0.5550|13.500,33.500,0.000,0.5550,0.5550|13.200,35.000,0.000,0.5540,0.5540|12.900,36.500,0.000,0.5550,0.5550
PeaShooter_headleaf_3rdfarthest.png|22.600,13.500,0.000,0.5550,0.5550|22.300,13.400,0.000,0.5550,0.5550|22.200,13.400,0.000,0.5550,0.5550|22.100,13.400,0.000,0.5550,0.5550|22.500,13.200,0.000,0.5490,0.5540|22.900,13.100,0.000,0.5430,0.5530|23.100,12.900,0.000,0.5380,0.5520|21.800,14.300,0.000,0.5430,0.5520|20.600,15.800,0.000,0.5480,0.5530|19.500,17.400,0.000,0.5540,0.5540|18.500,19.400,0.000,0.5530,0.5530|17.600,21.500,0.000,0.5540,0.5540|16.900,23.400,0.000,0.5550,0.5550|17.600,21.500,0.000,0.5540,0.5540|18.400,19.500,0.000,0.5530,0.5530|19.100,17.800,0.000,0.5540,0.5540|19.700,16.900,0.000,0.5540,0.5540|20.200,15.700,0.000,0.5540,0.5540|20.900,14.700,0.000,0.5550,0.5550|21.200,14.600,0.000,0.5540,0.5540|21.500,14.300,0.000,0.5550,0.5550|21.800,14.300,0.000,0.5550,0.5550|22.100,14.100,0.000,0.5550,0.5550|22.300,13.800,0.000,0.5550,0.5550|22.600,13.500,0.000,0.5550,0.5550
PeaShooter_headleaf_nearest.png|11.100,26.500,0.000,0.5550,0.5550|11.700,25.900,0.000,0.5550,0.5550|12.100,25.300,0.000,0.5550,0.5550|12.800,24.600,0.000,0.5550,0.5550|13.700,23.900,0.000,0.5490,0.5540|14.600,23.200,0.000,0.5430,0.5540|15.600,22.500,0.000,0.5370,0.5540|15.000,23.100,0.000,0.5420,0.5540|14.500,23.600,0.000,0.5480,0.5540|13.900,24.100,0.000,0.5550,0.5550|13.000,25.500,0.000,0.5690,0.5550|12.100,26.900,0.000,0.5840,0.5560|11.100,28.200,0.000,0.5990,0.5580|11.900,26.900,0.000,0.5840,0.5560|12.700,25.700,0.000,0.5690,0.5550|13.600,24.500,0.000,0.5550,0.5550|13.400,24.500,0.000,0.5540,0.5540|13.200,24.400,0.000,0.5540,0.5540|13.100,24.300,0.000,0.5550,0.5550|12.800,24.800,0.000,0.5550,0.5550|12.400,25.200,0.000,0.5550,0.5550|12.100,25.500,0.000,0.5550,0.5550|11.800,25.800,0.000,0.5550,0.5550|11.400,26.100,0.000,0.5550,0.5550|11.100,26.500,0.000,0.5550,0.5550
PeaShooter_headleaf_tip_bottom.png|6.200,31.000,0.000,0.5550,0.5550|6.500,30.100,0.000,0.5550,0.5550|6.800,29.300,0.000,0.5550,0.5550|7.300,28.500,0.000,0.5550,0.5550|8.100,27.500,0.000,0.5490,0.5540|9.000,26.600,0.000,0.5430,0.5540|9.900,25.700,0.000,0.5370,0.5540|9.100,25.900,0.000,0.5420,0.5540|8.200,26.100,0.000,0.5480,0.5540|7.500,26.300,0.000,0.5550,0.5550|6.000,28.300,0.000,0.5690,0.5550|4.700,30.400,0.000,0.5830,0.5560|3.200,32.400,0.000,0.5980,0.5570|4.500,30.400,0.000,0.5830,0.5560|5.800,28.400,0.000,0.5690,0.5550|7.200,26.700,0.000,0.5550,0.5550|7.100,27.000,0.000,0.5540,0.5540|7.100,27.100,0.000,0.5540,0.5540|7.200,27.500,0.000,0.5550,0.5550|7.000,28.100,0.000,0.5550,0.5550|6.800,28.700,0.000,0.5550,0.5550|6.600,29.400,0.000,0.5550,0.5550|6.400,30.000,0.000,0.5550,0.5550|6.300,30.600,0.000,0.5550,0.5550|6.200,31.000,0.000,0.5550,0.5550
PeaShooter_headleaf_2rdfarthest.png|17.000,14.400,0.000,0.5270,0.5780|16.300,14.800,0.000,0.5360,0.5710|15.500,15.300,0.000,0.5460,0.5630|14.900,15.800,0.000,0.5550,0.5550|15.200,15.700,0.000,0.5490,0.5540|15.600,15.400,0.000,0.5440,0.5530|16.000,15.100,0.000,0.5390,0.5520|14.600,16.400,0.000,0.5430,0.5530|13.200,17.800,0.000,0.5490,0.5540|11.700,19.100,0.000,0.5550,0.5550|10.800,21.400,0.000,0.5670,0.5580|10.100,23.700,0.000,0.5790,0.5630|9.300,26.100,0.000,0.5920,0.5680|10.000,23.900,0.000,0.5790,0.5630|10.700,21.600,0.000,0.5670,0.5580|11.300,19.500,0.000,0.5550,0.5550|12.000,18.600,0.000,0.5540,0.5540|12.600,17.700,0.000,0.5540,0.5540|13.500,16.900,0.000,0.5550,0.5550|13.900,16.800,0.000,0.5550,0.5550|14.200,16.700,0.000,0.5550,0.5550|14.600,16.700,0.000,0.5550,0.5550|15.300,15.900,0.000,0.5460,0.5630|16.200,15.100,0.000,0.5360,0.5700|17.000,14.400,0.000,0.5270,0.5780
PeaShooter_headleaf_tip_top.png|13.000,14.400,0.000,0.5270,0.5780|12.200,15.100,0.000,0.5360,0.5710|11.500,15.900,0.000,0.5460,0.5630|10.800,16.900,0.000,0.5550,0.5550|11.200,16.900,0.000,0.5490,0.5540|11.700,16.900,0.000,0.5440,0.5530|12.200,16.800,0.000,0.5390,0.5520|10.800,18.300,0.000,0.5430,0.5530|9.500,19.900,0.000,0.5490,0.5540|8.300,21.500,0.000,0.5550,0.5550|7.200,22.900,0.000,0.6010,0.5580|6.100,24.300,0.000,0.6480,0.5620|5.100,25.500,0.000,0.6960,0.5670|6.000,24.300,0.000,0.6480,0.5620|7.000,23.200,0.000,0.6010,0.5580|7.900,21.900,0.000,0.5550,0.5550|8.400,20.800,0.000,0.5540,0.5540|9.000,19.800,0.000,0.5540,0.5540|9.600,18.600,0.000,0.5550,0.5550|9.900,18.300,0.000,0.5550,0.5550|10.200,17.900,0.000,0.5550,0.5550|10.500,17.800,0.000,0.5550,0.5550|11.200,16.700,0.000,0.5460,0.5630|12.100,15.600,0.000,0.5360,0.5700|13.000,14.400,0.000,0.5270,0.5780
PeaShooter_Head.png|19.100,14.000,0.000,0.5550,0.5550|19.700,13.100,0.000,0.5430,0.5680|20.200,12.300,0.000,0.5310,0.5810|20.800,11.500,0.000,0.5190,0.5940|21.500,10.000,0.000,0.4960,0.6180|22.400,8.600,0.000,0.4740,0.6420|23.200,7.000,0.000,0.4510,0.6660|22.000,9.200,0.000,0.4860,0.6290|20.700,11.400,0.000,0.5210,0.5920|19.500,13.800,0.000,0.5550,0.5550|19.000,15.800,0.000,0.5720,0.5210|18.400,17.700,0.000,0.5890,0.4870|17.900,19.500,0.000,0.6050,0.4520|18.400,17.600,0.000,0.5890,0.4870|18.900,15.600,0.000,0.5720,0.5210|19.300,13.700,0.000,0.5550,0.5550|19.300,13.200,0.000,0.5550,0.5650|19.300,12.700,0.000,0.5550,0.5750|19.300,12.000,0.000,0.5550,0.5850|19.200,12.400,0.000,0.5550,0.5790|19.200,12.700,0.000,0.5550,0.5730|19.200,13.200,0.000,0.5550,0.5670|19.200,13.400,0.000,0.5550,0.5630|19.100,13.700,0.000,0.5550,0.5590|19.100,14.000,0.000,0.5550,0.5550
PeaShooter_mouth.png|52.400,13.900,0.000,0.5550,0.5550|52.200,13.100,0.000,0.5480,0.5700|52.100,12.300,0.000,0.5410,0.5850|51.900,11.400,0.000,0.5340,0.5990|51.000,10.100,0.000,0.4930,0.6300|50.100,8.700,0.000,0.4520,0.6610|49.100,7.200,0.000,0.4120,0.6920|50.400,9.300,0.000,0.4610,0.6460|51.500,11.500,0.000,0.5090,0.6010|52.700,13.700,0.000,0.5580,0.5550|53.800,15.700,0.000,0.5650,0.5170|54.800,17.700,0.000,0.5720,0.4780|55.900,19.700,0.000,0.5800,0.4400|54.700,17.600,0.000,0.5720,0.4780|53.700,15.700,0.000,0.5640,0.5170|52.600,13.700,0.000,0.5550,0.5550|52.600,13.100,0.000,0.5550,0.5650|52.500,12.600,0.000,0.5550,0.5750|52.500,12.000,0.000,0.5550,0.5850|52.500,12.400,0.000,0.5550,0.5790|52.500,12.700,0.000,0.5550,0.5730|52.500,13.100,0.000,0.5550,0.5670|52.500,13.400,0.000,0.5550,0.5630|52.400,13.600,0.000,0.5550,0.5590|52.400,13.900,0.000,0.5550,0.5550
PeaShooter_eyebrow.png|35.000,16.700,0.000,0.8000,0.8000|35.000,16.300,0.000,0.8000,0.8000|35.000,15.900,0.000,0.8000,0.8000|35.000,15.500,0.000,0.8000,0.8000|35.400,14.200,0.000,0.7620,0.8000|35.500,13.000,0.000,0.7240,0.8000|35.800,11.700,0.000,0.6860,0.8000|35.400,12.700,0.000,0.7240,0.8000|35.000,13.700,0.000,0.7620,0.8000|34.500,14.700,0.000,0.8000,0.8000|35.100,18.100,0.000,0.8000,0.7540|35.800,21.500,0.000,0.8000,0.7090|36.400,24.900,0.000,0.8000,0.6630|35.900,22.400,0.000,0.8000,0.7090|35.500,19.800,0.000,0.8000,0.7540|35.000,17.200,0.000,0.8000,0.8000|34.900,16.700,0.000,0.8000,0.8000|34.900,16.200,0.000,0.8000,0.8000|34.800,15.700,0.000,0.8000,0.8000|34.800,15.800,0.000,0.8000,0.8000|34.800,15.900,0.000,0.8000,0.8000|34.800,16.000,0.000,0.8000,0.8000|34.900,16.200,0.000,0.8000,0.8000|34.900,16.500,0.000,0.8000,0.8000|35.000,16.700,0.000,0.8000,0.8000
