fps=12
frames=25
PeaShooter_backleaf.png|27.700,53.000,0.000,0.5550,0.5550|27.700,53.000,0.000,0.5550,0.5550|27.700,53.000,0.000,0.5550,0.5550|27.700,53.000,0.000,0.5550,0.5550|27.700,53.000,0.000,0.5550,0.5550|27.700,53.000,0.000,0.5550,0.5550|27.700,53.000,0.000,0.5550,0.5550|27.700,53.000,0.000,0.5550,0.5550|27.700,53.000,0.000,0.5550,0.5550|27.700,53.000,0.000,0.5550,0.5550|27.700,53.000,0.000,0.5550,0.5550|27.700,53.000,0.000,0.5550,0.5550|27.700,53.000,0.000,0.5550,0.5550|27.700,53.000,0.000,0.5550,0.5550|27.700,53.000,0.000,0.5550,0.5550|27.700,53.000,0.000,0.5550,0.5550|27.700,53.000,0.000,0.5550,0.5550|27.700,53.000,0.000,0.5550,0.5550|27.700,53.000,0.000,0.5550,0.5550|27.700,53.000,0.000,0.5550,0.5550|27.700,53.000,0.000,0.5550,0.5550|27.700,53.000,0.000,0.5550,0.5550|27.700,53.000,0.000,0.5550,0.5550|27.700,53.000,0.000,0.5550,0.5550|27.700,53.000,0.000,0.5550,0.5550
PeaShooter_backleaf_lefttip.png|25.000,53.900,0.000,0.5550,0.5550|25.000,53.900,0.000,0.5550,0.5550|25.000,53.900,0.000,0.5550,0.5550|25.000,53.900,0.000,0.5550,0.5550|25.000,53.900,0.000,0.5550,0.5550|25.000,53.900,0.000,0.5550,0.5550|25.000,53.900,0.000,0.5550,0.5550|25.000,53.900,0.000,0.5550,0.5550|25.000,53.900,0.000,0.5550,0.5550|25.000,53.900,0.000,0.5550,0.5550|25.000,53.900,0.000,0.5550,0.5550|25.000,53.900,0.000,0.5550,0.5550|25.000,53.900,0.000,0.5550,0.5550|25.000,53.900,0.000,0.5550,0.5550|25.000,53.900,0.000,0.5550,0.5550|25.000,53.900,0.000,0.5550,0.5550|25.000,53.900,0.000,0.5550,0.5550|25.000,53.900,0.000,0.5550,0.5550|25.000,53.900,0.000,0.5550,0.5550|25.000,53.900,0.000,0.5550,0.5550|25.000,53.900,0.000,0.5550,0.5550|25.000,53.900,0.000,0.5550,0.5550|25.000,53.900,0.000,0.5550,0.5550|25.000,53.900,0.000,0.5550,0.5550|25.000,53.900,0.000,0.5550,0.5550
PeaShooter_backleaf_righttip.png|47.000,52.900,0.000,0.5550,0.5550|47.000,52.900,0.000,0.5550,0.5550|47.000,52.900,0.000,0.5550,0.5550|47.000,52.900,0.000,0.5550,0.5550|47.000,52.900,0.000,0.5550,0.5550|47.000,52.900,0.000,0.5550,0.5550|47.000,52.900,0.000,0.5550,0.5550|47.000,52.900,0.000,0.5550,0.5550|47.000,52.900,0.000,0.5550,0.5550|47.000,52.900,0.000,0.5550,0.5550|47.000,52.900,0.000,0.5550,0.5550|47.000,52.900,0.000,0.5550,0.5550|47.000,52.900,0.000,0.5550,0.5550|47.000,52.900,0.000,0.5550,0.5550|47.000,52.900,0.000,0.5550,0.5550|47.000,52.900,0.000,0.5550,0.5550|47.000,52.900,0.000,0.5550,0.5550|47.000,52.900,0.000,0.5550,0.5550|47.000,52.900,0.000,0.5550,0.5550|47.000,52.900,0.000,0.5550,0.5550|47.000,52.900,0.000,0.5550,0.5550|47.000,52.900,0.000,0.5550,0.5550|47.000,52.900,0.000,0.5550,0.5550|47.000,52.900,0.000,0.5550,0.5550|47.000,52.900,0.000,0.5550,0.5550
PeaShooter_stalk_bottom.png|36.100,52.600,0.000,0.5550,0.5550|36.100,52.600,0.000,0.5550,0.5550|36.100,52.600,0.000,0.5550,0.5550|36.100,52.600,0.000,0.5550,0.5550|36.100,52.600,0.000,0.5550,0.5550|36.100,52.600,0.000,0.5550,0.5550|36.100,52.600,0.000,0.5550,0.5550|36.100,52.600,0.000,0.5550,0.5550|36.100,52.600,0.000,0.5550,0.5550|36.100,52.600,0.000,0.5550,0.5550|36.100,52.600,0.000,0.5550,0.5550|36.100,52.600,0.000,0.5550,0.5550|36.100,52.600,0.000,0.5550,0.5550|36.100,52.600,0.000,0.5550,0.5550|36.100,52.600,0.000,0.5550,0.5550|36.100,52.600,0.000,0.5550,0.5550|36.100,52.600,0.000,0.5550,0.5550|36.100,52.600,0.000,0.5550,0.5550|36.100,52.600,0.000,0.5550,0.5550|36.100,52.600,0.000,0.5550,0.5550|36.100,52.600,0.000,0.5550,0.5550|36.100,52.600,0.000,0.5550,0.5550|36.100,52.600,0.000,0.5550,0.5550|36.100,52.600,0.000,0.5550,0.5550|36.100,52.600,0.000,0.5550,0.5550
PeaShooter_stalk_top.png|31.000,45.300,0.000,0.5550,0.5550|31.000,45.300,0.000,0.5550,0.5550|31.000,45.300,0.000,0.5550,0.5550|31.000,45.300,0.000,0.5550,0.5550|31.000,45.300,0.000,0.5550,0.5550|31.000,45.300,0.000,0.5550,0.5550|31.000,45.300,0.000,0.5550,0.5550|31.000,45.300,0.000,0.5550,0.5550|31.000,45.300,0.000,0.5550,0.5550|31.000,45.300,0.000,0.5550,0.5550|31.000,45.300,0.000,0.5550,0.5550|31.000,45.300,0.000,0.5550,0.5550|31.000,45.300,0.000,0.5550,0.5550|31.000,45.300,0.000,0.5550,0.5550|31.000,45.300,0.000,0.5550,0.5550|31.000,45.300,0.000,0.5550,0.5550|31.000,45.300,0.000,0.5550,0.5550|31.000,45.300,0.000,0.5550,0.5550|31.000,45.300,0.000,0.5550,0.5550|31.000,45.300,0.000,0.5550,0.5550|31.000,45.300,0.000,0.5550,0.5550|31.000,45.300,0.000,0.5550,0.5550|31.000,45.300,0.000,0.5550,0.5550|31.000,45.300,0.000,0.5550,0.5550|31.000,45.300,0.000,0.5550,0.5550
PeaShooter_frontleaf.png|22.800,54.400,0.000,0.5550,0.5550|22.800,54.400,0.000,0.5550,0.5550|22.800,54.400,0.000,0.5550,0.5550|22.800,54.400,0.000,0.5550,0.5550|22.800,54.400,0.000,0.5550,0.5550|22.800,54.400,0.000,0.5550,0.5550|22.800,54.400,0.000,0.5550,0.5550|22.800,54.400,0.000,0.5550,0.5550|22.800,54.400,0.000,0.5550,0.5550|22.800,54.400,0.000,0.5550,0.5550|22.800,54.400,0.000,0.5550,0.5550|22.800,54.400,0.000,0.5550,0.5550|22.800,54.400,0.000,0.5550,0.5550|22.800,54.400,0.000,0.5550,0.5550|22.800,54.400,0.000,0.5550,0.5550|22.800,54.400,0.000,0.5550,0.5550|22.800,54.400,0.000,0.5550,0.5550|22.800,54.400,0.000,0.5550,0.5550|22.800,54.400,0.000,0.5550,0.5550|22.800,54.400,0.000,0.5550,0.5550|22.800,54.400,0.000,0.5550,0.5550|22.800,54.400,0.000,0.5550,0.5550|22.800,54.400,0.000,0.5550,0.5550|22.800,54.400,0.000,0.5550,0.5550|22.800,54.400,0.000,0.5550,0.5550
PeaShooter_frontleaf_righttip.png|56.300,56.000,0.000,0.5550,0.5550|56.300,56.000,0.000,0.5550,0.5550|56.300,56.000,0.000,0.5550,0.5550|56.300,56.000,0.000,0.5550,0.5550|56.300,56.000,0.000,0.5550,0.5550|56.300,56.000,0.000,0.5550,0.5550|56.300,56.000,0.000,0.5550,0.5550|56.300,56.000,0.000,0.5550,0.5550|56.300,56.000,0.000,0.5550,0.5550|56.300,56.000,0.000,0.5550,0.5550|56.300,56.000,0.000,0.5550,0.5550|56.300,56.000,0.000,0.5550,0.5550|56.300,56.000,0.000,0.5550,0.5550|56.300,56.000,0.000,0.5550,0.5550|56.300,56.000,0.000,0.5550,0.5550|56.300,56.000,0.000,0.5550,0.5550|56.300,56.000,0.000,0.5550,0.5550|56.300,56.000,0.000,0.5550,0.5550|56.300,56.000,0.000,0.5550,0.5550|56.300,56.000,0.000,0.5550,0.5550|56.300,56.000,0.000,0.5550,0.5550|56.300,56.000,0.000,0.5550,0.5550|56.300,56.000,0.000,0.5550,0.5550|56.300,56.000,0.000,0.5550,0.5550|56.300,56.000,0.000,0.5550,0.5550
PeaShooter_frontleaf_lefttip.png|19.400,61.600,0.000,0.5550,0.5550|19.400,61.600,0.000,0.5550,0.5550|19.400,61.600,0.000,0.5550,0.5550|19.400,61.600,0.000,0.5550,0.5550|19.400,61.600,0.000,0.5550,0.5550|19.400,61.600,0.000,0.5550,0.5550|19.400,61.600,0.000,0.5550,0.5550|19.400,61.600,0.000,0.5550,0.5550|19.400,61.600,0.000,0.5550,0.5550|19.400,61.600,0.000,0.5550,0.5550|19.400,61.600,0.000,0.5550,0.5550|19.400,61.600,0.000,0.5550,0.5550|19.400,61.600,0.000,0.5550,0.5550|19.400,61.600,0.000,0.5550,0.5550|19.400,61.600,0.000,0.5550,0.5550|19.400,61.600,0.000,0.5550,0.5550|19.400,61.600,0.000,0.5550,0.5550|19.400,61.600,0.000,0.5550,0.5550|19.400,61.600,0.000,0.5550,0.5550|19.400,61.600,0.000,0.5550,0.5550|19.400,61.600,0.000,0.5550,0.5550|19.400,61.600,0.000,0.5550,0.5550|19.400,61.600,0.000,0.5550,0.5550|19.400,61.600,0.000,0.5550,0.5550|19.400,61.600,0.000,0.5550,0.5550
SnowPea_crystals1.png|10.200,13.300,0.000,0.5510,0.5420|10.800,12.900,0.000,0.5370,0.5500|11.400,12.700,0.000,0.5230,0.5580|12.000,12.300,0.000,0.5090,0.5660|12.800,11.500,0.000,0.4820,0.5770|13.400,10.800,0.000,0.4560,0.5890|14.200,10.100,0.000,0.4290,0.6000|13.400,10.900,0.000,0.4560,0.5890|12.800,11.600,0.000,0.4820,0.5770|12.000,12.300,0.000,0.5090,0.5660|10.700,14.300,0.000,0.5420,0.5270|9.300,16.200,0.000,0.5750,0.4880|7.900,18.300,0.000,0.6070,0.4490|8.900,16.400,0.000,0.5840,0.4880|10.000,14.400,0.000,0.5610,0.5270|10.800,12.300,0.000,0.5380,0.5660|11.200,12.300,0.000,0.5280,0.5660|11.600,12.200,0.000,0.5190,0.5660|12.000,12.300,0.000,0.5090,0.5660|11.700,12.400,0.000,0.5160,0.5620|11.400,12.500,0.000,0.5230,0.5580|11.100,12.800,0.000,0.5300,0.5540|10.900,12.900,0.000,0.5370,0.5500|10.500,13.200,0.000,0.5440,0.5460|10.200,13.300,0.000,0.5510,0.5420
SnowPea_crystals2.png|11.000,15.900,0.000,0.5510,0.5420|11.400,15.900,0.000,0.5370,0.5490|11.800,15.800,0.000,0.5230,0.5570|12.100,15.800,0.000,0.5090,0.5660|13.100,14.900,0.000,0.4820,0.5770|13.900,13.900,0.000,0.4560,0.5890|14.900,13.000,0.000,0.4290,0.6000|14.200,13.600,0.000,0.4560,0.5890|13.600,14.300,0.000,0.4820,0.5770|12.800,15.000,0.000,0.5090,0.5660|11.600,16.800,0.000,0.5420,0.5270|10.200,18.600,0.000,0.5750,0.4880|8.800,20.400,0.000,0.6070,0.4490|9.700,18.600,0.000,0.5840,0.4880|10.700,16.800,0.000,0.5610,0.5270|11.600,15.000,0.000,0.5380,0.5660|12.000,15.000,0.000,0.5280,0.5660|12.400,15.000,0.000,0.5190,0.5660|12.800,15.000,0.000,0.5090,0.5660|12.500,15.200,0.000,0.5160,0.5620|12.300,15.300,0.000,0.5230,0.5580|11.900,15.500,0.000,0.5300,0.5540|11.600,15.600,0.000,0.5370,0.5500|11.300,15.800,0.000,0.5440,0.5460|11.000,15.900,0.000,0.5510,0.5420
SnowPea_crystals3.png|7.700,24.600,0.000,0.5510,0.5420|8.800,23.800,0.000,0.5370,0.5490|9.800,23.100,0.000,0.5230,0.5570|10.900,22.500,0.000,0.5090,0.5660|11.500,22.500,0.000,0.4820,0.5770|12.200,22.500,0.000,0.4560,0.5890|12.900,22.600,0.000,0.4290,0.6000|11.900,23.100,0.000,0.4560,0.5890|11.000,23.600,0.000,0.4820,0.5770|9.900,24.100,0.000,0.5090,0.5660|8.500,25.200,0.000,0.5420,0.5270|6.900,26.500,0.000,0.5750,0.4880|5.500,27.600,0.000,0.6070,0.4490|6.500,26.400,0.000,0.5840,0.4880|7.600,25.200,0.000,0.5610,0.5270|8.600,24.100,0.000,0.5380,0.5660|9.000,24.100,0.000,0.5280,0.5660|9.400,24.100,0.000,0.5190,0.5660|9.900,24.100,0.000,0.5090,0.5660|9.600,24.200,0.000,0.5160,0.5620|9.200,24.300,0.000,0.5230,0.5580|8.900,24.300,0.000,0.5300,0.5540|8.500,24.400,0.000,0.5370,0.5500|8.200,24.500,0.000,0.5440,0.5460|7.700,24.600,0.000,0.5510,0.5420
SnowPea_head.png|19.100,14.000,0.000,0.5550,0.5550|19.700,13.100,0.000,0.5430,0.5680|20.200,12.300,0.000,0.5310,0.5810|20.800,11.500,0.000,0.5190,0.5940|21.500,10.000,0.000,0.4960,0.6180|22.400,8.600,0.000,0.4740,0.6420|23.200,7.000,0.000,0.4510,0.6660|22.000,9.200,0.000,0.4860,0.6290|20.700,11.400,0.000,0.5210,0.5920|19.500,13.800,0.000,0.5550,0.5550|19.000,15.800,0.000,0.5720,0.5210|18.400,17.700,0.000,0.5890,0.4870|17.900,19.500,0.000,0.6050,0.4520|18.400,17.600,0.000,0.5890,0.4870|18.900,15.600,0.000,0.5720,0.5210|19.300,13.700,0.000,0.5550,0.5550|19.300,13.200,0.000,0.5550,0.5650|19.300,12.700,0.000,0.5550,0.5750|19.300,12.000,0.000,0.5550,0.5850|19.200,12.400,0.000,0.5550,0.5790|19.200,12.700,0.000,0.5550,0.5730|19.200,13.200,0.000,0.5550,0.5670|19.200,13.400,0.000,0.5550,0.5630|19.100,13.700,0.000,0.5550,0.5590|19.100,14.000,0.000,0.5550,0.5550
SnowPea_mouth.png|52.400,13.900,0.000,0.5550,0.5550|52.200,13.100,0.000,0.5480,0.5700|52.100,12.300,0.000,0.5410,0.5850|51.900,11.400,0.000,0.5340,0.5990|51.000,10.100,0.000,0.4930,0.6300|50.100,8.700,0.000,0.4520,0.6610|49.100,7.200,0.000,0.4120,0.6920|50.400,9.300,0.000,0.4610,0.6460|51.500,11.500,0.000,0.5090,0.6010|52.700,13.700,0.000,0.5580,0.5550|53.800,15.700,0.000,0.5650,0.5170|54.800,17.700,0.000,0.5720,0.4780|55.900,19.700,0.000,0.5800,0.4400|54.700,17.600,0.000,0.5720,0.4780|53.700,15.700,0.000,0.5640,0.5170|52.600,13.700,0.000,0.5550,0.5550|52.600,13.100,0.000,0.5550,0.5650|52.500,12.600,0.000,0.5550,0.5750|52.500,12.000,0.000,0.5550,0.5850|52.500,12.400,0.000,0.5550,0.5790|52.500,12.700,0.000,0.5550,0.5730|52.500,13.100,0.000,0.5550,0.5670|52.500,13.400,0.000,0.5550,0.5630|52.400,13.600,0.000,0.5550,0.5590|52.400,13.900,0.000,0.5550,0.5550
