fps=12
nFrame=39
Zombie_innerarm_hand.png|24.399999999999999,81.200000000000003,0.0,0.80000000000000004,0.80000000000000004|20.800000000000001,84.099999999999994,0.0,0.80000000000000004,0.80000000000000004|17.100000000000001,87.0,0.0,0.80000000000000004,0.80000000000000004|13.4,90.0,0.0,0.80000000000000004,0.80000000000000004|11.0,92.700000000000003,0.0,0.80000000000000004,0.80000000000000004|8.6999999999999993,95.5,0.0,0.80000000000000004,0.80000000000000004|6.4000000000000004,98.200000000000003,0.0,0.80000000000000004,0.80000000000000004|6.2999999999999998,99.599999999999994,0.0,0.80000000000000004,0.80000000000000004|6.4000000000000004,101.0,0.0,0.80000000000000004,0.80000000000000004|6.2999999999999998,100.5,0.0,0.80000000000000004,0.80000000000000004|6.2999999999999998,100.0,0.0,0.80000000000000004,0.80000000000000004|6.2999999999999998,99.5,0.0,0.80000000000000004,0.80000000000000004|6.2999999999999998,99.0,0.0,0.80000000000000004,0.80000000000000004|6.2999999999999998,98.5,0.0,0.80000000000000004,0.80000000000000004|6.4000000000000004,98.0,0.0,0.80000000000000004,0.80000000000000004|6.2999999999999998,97.299999999999997,0.0,0.80000000000000004,0.80000000000000004|6.2999999999999998,96.799999999999997,0.0,0.80000000000000004,0.80000000000000004|6.4000000000000004,96.200000000000003,0.0,0.80000000000000004,0.80000000000000004|7.2999999999999998,95.900000000000006,0.0,0.80000000000000004,0.80000000000000004|8.1999999999999993,95.599999999999994,0.0,0.80000000000000004,0.80000000000000004|9.3000000000000007,95.299999999999997,0.0,0.80000000000000004,0.80000000000000004|9.3000000000000007,95.400000000000006,0.0,0.80000000000000004,0.80000000000000004|9.6999999999999993,95.799999999999997,0.0,0.80000000000000004,0.80000000000000004|10.300000000000001,96.200000000000003,0.0,0.80000000000000004,0.80000000000000004|11.199999999999999,96.599999999999994,0.0,0.80000000000000004,0.80000000000000004|12.4,97.099999999999994,0.0,0.80000000000000004,0.80000000000000004|13.800000000000001,97.400000000000006,0.0,0.80000000000000004,0.80000000000000004|14.300000000000001,97.099999999999994,0.0,0.80000000000000004,0.80000000000000004|14.9,96.5,0.0,0.80000000000000004,0.80000000000000004|8.9000000000000004,92.200000000000003,0.0,0.80000000000000004,0.80000000000000004|4.2999999999999998,85.599999999999994,0.0,0.80000000000000004,0.80000000000000004|3.0,98.0,0.0,0.79000000000000004,0.79000000000000004|1.8999999999999999,109.8,0.0,0.79000000000000004,0.79000000000000004|1.1000000000000001,121.2,0.0,0.79000000000000004,0.79000000000000004|-10.58,126.2,0.0,0.80000000000000004,0.80000000000000004|-10.58,126.2,0.0,0.80000000000000004,0.80000000000000004|-10.58,126.2,0.0,0.80000000000000004,0.80000000000000004|-10.58,126.2,0.0,0.80000000000000004,0.80000000000000004|-10.58,126.2,0.0,0.80000000000000004,0.80000000000000004
Zombie_innerarm_lower.png|23.800000000000001,67.099999999999994,0.0,0.80000000000000004,0.80000000000000004|20.199999999999999,70.0,0.0,0.80000000000000004,0.80000000000000004|16.5,72.900000000000006,0.0,0.80000000000000004,0.80000000000000004|12.800000000000001,75.799999999999997,0.0,0.80000000000000004,0.80000000000000004|10.5,78.599999999999994,0.0,0.80000000000000004,0.80000000000000004|8.1999999999999993,81.299999999999997,0.0,0.80000000000000004,0.80000000000000004|5.7999999999999998,84.099999999999994,0.0,0.80000000000000004,0.80000000000000004|5.7999999999999998,84.700000000000003,0.0,0.80000000000000004,0.80000000000000004|5.7999999999999998,85.299999999999997,0.0,0.80000000000000004,0.80000000000000004|5.7999999999999998,85.0,0.0,0.80000000000000004,0.80000000000000004|5.7999999999999998,84.799999999999997,0.0,0.80000000000000004,0.80000000000000004|5.7999999999999998,84.5,0.0,0.80000000000000004,0.80000000000000004|5.7999999999999998,84.299999999999997,0.0,0.80000000000000004,0.80000000000000004|5.7999999999999998,84.0,0.0,0.80000000000000004,0.80000000000000004|5.7999999999999998,83.799999999999997,0.0,0.80000000000000004,0.80000000000000004|5.7999999999999998,83.200000000000003,0.0,0.80000000000000004,0.80000000000000004|5.7999999999999998,82.700000000000003,0.0,0.80000000000000004,0.80000000000000004|5.7999999999999998,82.099999999999994,0.0,0.80000000000000004,0.80000000000000004|6.0,81.799999999999997,0.0,0.80000000000000004,0.80000000000000004|6.2999999999999998,81.599999999999994,0.0,0.80000000000000004,0.80000000000000004|6.7000000000000002,81.400000000000006,0.0,0.80000000000000004,0.80000000000000004|5.0,82.799999999999997,0.0,0.80000000000000004,0.80000000000000004|3.5,84.299999999999997,0.0,0.80000000000000004,0.80000000000000004|2.2000000000000002,86.0,0.0,0.80000000000000004,0.80000000000000004|1.3,87.799999999999997,0.0,0.80000000000000004,0.80000000000000004|0.59999999999999998,89.400000000000006,0.0,0.80000000000000004,0.80000000000000004|0.20000000000000001,91.200000000000003,0.0,0.80000000000000004,0.80000000000000004|0.80000000000000004,92.599999999999994,0.0,0.80000000000000004,0.80000000000000004|1.7,93.799999999999997,0.0,0.80000000000000004,0.80000000000000004|-4.5700000000000003,97.0,0.0,0.81999999999999995,0.80000000000000004|-8.8699999999999992,98.799999999999997,0.0,0.83999999999999997,0.80000000000000004|-10.470000000000001,107.5,0.0,0.82999999999999996,0.79000000000000004|-12.07,115.8,0.0,0.82999999999999996,0.79000000000000004|-13.17,123.8,0.0,0.82999999999999996,0.79000000000000004|-11.18,112.09999999999999,0.0,0.80000000000000004,0.80000000000000004|-11.18,112.09999999999999,0.0,0.80000000000000004,0.80000000000000004|-11.18,112.09999999999999,0.0,0.80000000000000004,0.80000000000000004|-11.18,112.09999999999999,0.0,0.80000000000000004,0.80000000000000004|-11.18,112.09999999999999,0.0,0.80000000000000004,0.80000000000000004
Zombie_innerarm_upper.png|27.100000000000001,46.100000000000001,0.0,1.0,1.0|23.399999999999999,49.0,0.0,1.0,1.0|19.699999999999999,52.0,0.0,1.0,1.0|16.100000000000001,54.899999999999999,0.0,1.0,1.0|13.800000000000001,57.600000000000001,0.0,1.0,1.0|11.5,60.399999999999999,0.0,1.0,1.0|9.0999999999999996,63.100000000000001,0.0,1.0,1.0|9.0999999999999996,63.100000000000001,0.0,1.0,1.0|9.0999999999999996,63.100000000000001,0.0,1.0,1.0|9.0999999999999996,63.100000000000001,0.0,1.0,1.0|9.0999999999999996,63.100000000000001,0.0,1.0,1.0|9.0999999999999996,63.100000000000001,0.0,1.0,1.0|9.0999999999999996,63.100000000000001,0.0,1.0,1.0|9.0999999999999996,63.100000000000001,0.0,1.0,1.0|9.0999999999999996,63.100000000000001,0.0,1.0,1.0|9.0999999999999996,61.899999999999999,0.0,1.0,1.0|9.0999999999999996,60.600000000000001,0.0,1.0,1.0|9.0999999999999996,59.399999999999999,0.0,1.0,1.0|9.0,59.600000000000001,0.0,1.0,1.0|8.9000000000000004,59.700000000000003,0.0,1.0,1.0|8.8000000000000007,59.899999999999999,0.0,1.0,1.0|4.0,62.200000000000003,0.0,1.0,1.0|-0.37,64.799999999999997,0.0,1.0,1.0|-4.6699999999999999,67.599999999999994,0.0,1.0,1.0|-8.6699999999999999,70.599999999999994,0.0,1.0,1.0|-12.369999999999999,73.799999999999997,0.0,1.0,1.0|-15.57,76.799999999999997,0.0,1.0,1.0|-18.170000000000002,81.099999999999994,0.0,0.98999999999999999,0.98999999999999999|-20.670000000000002,85.299999999999997,0.0,1.0,1.0|-26.170000000000002,94.799999999999997,0.0,1.0,1.0|-30.27,103.5,0.0,1.0,1.0|-31.57,110.09999999999999,0.0,0.98999999999999999,0.98999999999999999|-32.770000000000003,116.59999999999999,0.0,0.98999999999999999,0.98999999999999999|-33.969999999999999,123.0,0.0,0.98999999999999999,0.98999999999999999|-11.08,92.099999999999994,0.0,1.0,1.0|-11.08,92.099999999999994,0.0,1.0,1.0|-11.08,92.099999999999994,0.0,1.0,1.0|-11.08,92.099999999999994,0.0,1.0,1.0|-11.08,92.099999999999994,0.0,1.0,1.0
Zombie_neck.png|29.399999999999999,34.0,0.0,0.83999999999999997,0.80000000000000004|26.100000000000001,37.5,0.0,0.83999999999999997,0.80000000000000004|22.699999999999999,40.899999999999999,0.0,0.83999999999999997,0.80000000000000004|19.5,44.299999999999997,0.0,0.83999999999999997,0.80000000000000004|16.100000000000001,47.600000000000001,0.0,0.83999999999999997,0.80000000000000004|12.800000000000001,51.100000000000001,0.0,0.83999999999999997,0.80000000000000004|9.5999999999999996,54.299999999999997,0.0,0.83999999999999997,0.80000000000000004|9.8000000000000007,55.799999999999997,0.0,0.83999999999999997,0.80000000000000004|9.9000000000000004,57.100000000000001,0.0,0.83999999999999997,0.80000000000000004|9.9000000000000004,57.100000000000001,0.0,0.83999999999999997,0.80000000000000004|9.9000000000000004,57.100000000000001,0.0,0.83999999999999997,0.80000000000000004|9.8000000000000007,56.5,0.0,0.83999999999999997,0.80000000000000004|9.8000000000000007,55.799999999999997,0.0,0.83999999999999997,0.80000000000000004|9.6999999999999993,55.0,0.0,0.83999999999999997,0.80000000000000004|9.5999999999999996,54.299999999999997,0.0,0.83999999999999997,0.80000000000000004|9.5,53.5,0.0,0.82999999999999996,0.80000000000000004|9.3000000000000007,52.600000000000001,0.0,0.82999999999999996,0.79000000000000004|9.1999999999999993,51.799999999999997,0.0,0.82999999999999996,0.79000000000000004|9.0,50.0,0.0,0.82999999999999996,0.79000000000000004|8.6999999999999993,48.399999999999999,0.0,0.82999999999999996,0.79000000000000004|8.4000000000000004,46.700000000000003,0.0,0.82999999999999996,0.79000000000000004|8.1999999999999993,45.799999999999997,0.0,0.82999999999999996,0.79000000000000004|7.7000000000000002,44.899999999999999,0.0,0.82999999999999996,0.79000000000000004|7.2999999999999998,44.100000000000001,0.0,0.82999999999999996,0.79000000000000004|1.3,49.200000000000003,0.0,0.82999999999999996,0.79000000000000004|-4.4699999999999998,54.299999999999997,0.0,0.82999999999999996,0.79000000000000004|-10.470000000000001,59.5,0.0,0.82999999999999996,0.79000000000000004|-16.670000000000002,64.0,0.0,0.82999999999999996,0.79000000000000004|-22.77,68.599999999999994,0.0,0.82999999999999996,0.79000000000000004|-33.469999999999999,82.700000000000003,0.0,0.82999999999999996,0.79000000000000004|-43.469999999999999,97.200000000000003,0.0,0.82999999999999996,0.79000000000000004|-42.57,104.7,0.0,0.79000000000000004,0.78000000000000003|-41.57,112.2,0.0,0.76000000000000001,0.77000000000000002|-40.270000000000003,119.7,0.0,0.72999999999999998,0.76000000000000001|-40.170000000000002,117.59999999999999,0.0,0.78000000000000003,0.77000000000000002|-40.270000000000003,115.3,0.0,0.81999999999999995,0.78000000000000003|-40.170000000000002,116.0,0.0,0.81999999999999995,0.78000000000000003|-40.170000000000002,116.7,0.0,0.81999999999999995,0.78000000000000003|-40.270000000000003,117.3,0.0,0.81999999999999995,0.78000000000000003
Zombie_head.png|6.7000000000000002,8.8000000000000007,0.0,0.80000000000000004,0.80000000000000004|6.7000000000000002,8.8000000000000007,0.0,0.80000000000000004,0.80000000000000004|-3.2799999999999998,17.800000000000001,0.0,0.80000000000000004,0.80000000000000004|-8.2799999999999994,22.800000000000001,0.0,0.80000000000000004,0.80000000000000004|-14.279999999999999,30.800000000000001,0.0,0.80000000000000004,0.80000000000000004|-14.279999999999999,30.800000000000001,0.0,0.80000000000000004,0.80000000000000004|-14.279999999999999,30.800000000000001,0.0,0.80000000000000004,0.80000000000000004|-14.279999999999999,30.800000000000001,0.0,0.80000000000000004,0.80000000000000004|-14.279999999999999,30.800000000000001,0.0,0.80000000000000004,0.80000000000000004|-14.279999999999999,30.800000000000001,0.0,0.80000000000000004,0.80000000000000004|-14.279999999999999,30.800000000000001,0.0,0.80000000000000004,0.80000000000000004|-14.279999999999999,30.800000000000001,0.0,0.80000000000000004,0.80000000000000004|-14.279999999999999,30.800000000000001,0.0,0.80000000000000004,0.80000000000000004|-14.279999999999999,30.800000000000001,0.0,0.80000000000000004,0.80000000000000004|-19.280000000000001,26.800000000000001,0.0,0.80000000000000004,0.80000000000000004|-17.280000000000001,27.800000000000001,0.0,0.80000000000000004,0.80000000000000004|-16.280000000000001,30.800000000000001,0.0,0.80000000000000004,0.80000000000000004|-20.280000000000001,29.800000000000001,0.0,0.80000000000000004,0.80000000000000004|-14.279999999999999,30.800000000000001,0.0,0.80000000000000004,0.80000000000000004|-32.280000000000001,32.799999999999997,0.0,0.80000000000000004,0.80000000000000004|-39.280000000000001,30.800000000000001,0.0,0.80000000000000004,0.80000000000000004|-45.280000000000001,25.800000000000001,0.0,0.80000000000000004,0.80000000000000004|-45.280000000000001,27.800000000000001,0.0,0.80000000000000004,0.80000000000000004|-56.280000000000001,26.800000000000001,0.0,0.80000000000000004,0.80000000000000004|-36.280000000000001,33.799999999999997,0.0,0.80000000000000004,0.80000000000000004|-36.280000000000001,33.799999999999997,0.0,0.80000000000000004,0.80000000000000004|-36.280000000000001,33.799999999999997,0.0,0.80000000000000004,0.80000000000000004|-36.280000000000001,33.799999999999997,0.0,0.80000000000000004,0.80000000000000004|-79.280000000000001,51.799999999999997,0.0,0.80000000000000004,0.80000000000000004|-93.280000000000001,69.799999999999997,0.0,0.80000000000000004,0.80000000000000004|-93.280000000000001,69.799999999999997,0.0,0.80000000000000004,0.80000000000000004|-88.280000000000001,79.799999999999997,0.0,0.80000000000000004,0.80000000000000004|-97.280000000000001,101.8,0.0,0.80000000000000004,0.80000000000000004|-99.280000000000001,114.8,0.0,0.80000000000000004,0.80000000000000004|-97.280000000000001,101.8,0.0,0.80000000000000004,0.80000000000000004|-97.280000000000001,101.8,0.0,0.80000000000000004,0.80000000000000004|-97.280000000000001,101.8,0.0,0.80000000000000004,0.80000000000000004|-97.280000000000001,101.8,0.0,0.80000000000000004,0.80000000000000004|-97.280000000000001,101.8,0.0,0.80000000000000004,0.80000000000000004
Zombie_innerleg_upper.png|44.100000000000001,76.799999999999997,0.0,0.80000000000000004,0.80000000000000004|40.299999999999997,78.799999999999997,0.0,0.80000000000000004,0.80000000000000004|36.700000000000003,81.700000000000003,0.0,0.80000000000000004,0.80000000000000004|33.100000000000001,85.0,0.0,0.80000000000000004,0.80000000000000004|29.5,89.200000000000003,0.0,0.80000000000000004,0.80000000000000004|25.699999999999999,93.5,0.0,0.80000000000000004,0.80000000000000004|21.800000000000001,98.0,0.0,0.80000000000000004,0.80000000000000004|22.600000000000001,97.599999999999994,0.0,0.80000000000000004,0.82999999999999996|23.600000000000001,96.799999999999997,0.0,0.80000000000000004,0.87|24.199999999999999,96.5,0.0,0.79000000000000004,0.89000000000000001|24.699999999999999,96.400000000000006,0.0,0.80000000000000004,0.90000000000000002|24.100000000000001,96.599999999999994,0.0,0.79000000000000004,0.88|23.5,96.700000000000003,0.0,0.80000000000000004,0.84999999999999998|22.899999999999999,97.0,0.0,0.80000000000000004,0.81999999999999995|22.300000000000001,97.299999999999997,0.0,0.80000000000000004,0.80000000000000004|21.899999999999999,97.0,0.0,0.80000000000000004,0.80000000000000004|21.300000000000001,96.599999999999994,0.0,0.80000000000000004,0.80000000000000004|20.800000000000001,96.200000000000003,0.0,0.80000000000000004,0.80000000000000004|19.699999999999999,95.5,0.0,0.79000000000000004,0.79000000000000004|18.699999999999999,94.700000000000003,0.0,0.79000000000000004,0.79000000000000004|17.699999999999999,94.099999999999994,0.0,0.80000000000000004,0.80000000000000004|14.5,94.5,0.0,0.80000000000000004,0.80000000000000004|11.5,95.200000000000003,0.0,0.79000000000000004,0.79000000000000004|8.6999999999999993,96.299999999999997,0.0,0.79000000000000004,0.79000000000000004|7.4000000000000004,101.0,0.0,0.79000000000000004,0.79000000000000004|6.5999999999999996,105.90000000000001,0.0,0.79000000000000004,0.79000000000000004|6.0999999999999996,110.90000000000001,0.0,0.79000000000000004,0.79000000000000004|5.0999999999999996,113.09999999999999,0.0,0.79000000000000004,0.79000000000000004|4.2000000000000002,115.3,0.0,0.79000000000000004,0.79000000000000004|3.8999999999999999,119.3,0.0,0.79000000000000004,0.79000000000000004|4.5,122.8,0.0,0.79000000000000004,0.79000000000000004|4.5,123.3,0.0,0.75,0.79000000000000004|4.5,123.8,0.0,0.71999999999999997,0.79000000000000004|4.5,124.3,0.0,0.68000000000000005,0.79000000000000004|4.5,123.40000000000001,0.0,0.73999999999999999,0.79000000000000004|4.5,122.8,0.0,0.79000000000000004,0.79000000000000004|4.5999999999999996,122.8,0.0,0.79000000000000004,0.79000000000000004|4.5999999999999996,122.8,0.0,0.79000000000000004,0.79000000000000004|4.5,122.8,0.0,0.79000000000000004,0.79000000000000004
Zombie_innerleg_lower.png|31.600000000000001,90.299999999999997,0.0,0.80000000000000004,0.80000000000000004|24.899999999999999,100.09999999999999,0.0,0.77000000000000002,0.80000000000000004|23.600000000000001,110.59999999999999,0.0,0.73999999999999999,0.80000000000000004|22.399999999999999,115.40000000000001,0.0,0.70999999999999996,0.80000000000000004|22.100000000000001,121.8,0.0,0.73999999999999999,0.80000000000000004|22.899999999999999,127.7,0.0,0.77000000000000002,0.80000000000000004|24.5,132.90000000000001,0.0,0.80000000000000004,0.80000000000000004|26.399999999999999,132.69999999999999,0.0,0.80000000000000004,0.80000000000000004|28.300000000000001,132.40000000000001,0.0,0.80000000000000004,0.80000000000000004|27.600000000000001,132.5,0.0,0.80000000000000004,0.80000000000000004|27.0,132.69999999999999,0.0,0.80000000000000004,0.80000000000000004|27.300000000000001,132.80000000000001,0.0,0.80000000000000004,0.80000000000000004|27.600000000000001,132.90000000000001,0.0,0.80000000000000004,0.80000000000000004|27.800000000000001,132.90000000000001,0.0,0.80000000000000004,0.80000000000000004|28.100000000000001,132.90000000000001,0.0,0.80000000000000004,0.80000000000000004|28.100000000000001,132.80000000000001,0.0,0.80000000000000004,0.80000000000000004|28.100000000000001,132.80000000000001,0.0,0.80000000000000004,0.80000000000000004|28.100000000000001,132.90000000000001,0.0,0.80000000000000004,0.80000000000000004|25.699999999999999,131.40000000000001,0.0,0.80000000000000004,0.80000000000000004|23.199999999999999,129.69999999999999,0.0,0.80000000000000004,0.80000000000000004|20.899999999999999,128.0,0.0,0.80000000000000004,0.80000000000000004|21.0,127.40000000000001,0.0,0.80000000000000004,0.80000000000000004|21.199999999999999,126.8,0.0,0.80000000000000004,0.80000000000000004|21.300000000000001,126.40000000000001,0.0,0.80000000000000004,0.80000000000000004|25.600000000000001,127.2,0.0,0.78000000000000003,0.78000000000000003|29.800000000000001,127.59999999999999,0.0,0.77000000000000002,0.77000000000000002|33.799999999999997,127.5,0.0,0.76000000000000001,0.76000000000000001|35.600000000000001,126.5,0.0,0.76000000000000001,0.76000000000000001|37.299999999999997,125.3,0.0,0.76000000000000001,0.76000000000000001|37.600000000000001,117.09999999999999,0.0,0.76000000000000001,0.76000000000000001|35.5,106.7,0.0,0.76000000000000001,0.76000000000000001|34.899999999999999,105.59999999999999,0.0,0.72999999999999998,0.73999999999999999|34.100000000000001,104.3,0.0,0.69999999999999996,0.72999999999999998|32.899999999999999,103.09999999999999,0.0,0.67000000000000004,0.72999999999999998|33.299999999999997,103.09999999999999,0.0,0.70999999999999996,0.73999999999999999|33.200000000000003,103.2,0.0,0.76000000000000001,0.75|33.299999999999997,101.59999999999999,0.0,0.75,0.75|33.0,100.0,0.0,0.75,0.75|32.899999999999999,98.200000000000003,0.0,0.75,0.75
Zombie_innerleg_foot.png|35.299999999999997,105.8,0.0,0.80000000000000004,0.80000000000000004|33.5,106.5,0.0,0.80000000000000004,0.80000000000000004|32.100000000000001,107.2,0.0,0.80000000000000004,0.80000000000000004|31.0,108.0,0.0,0.80000000000000004,0.80000000000000004|29.300000000000001,110.7,0.0,0.80000000000000004,0.80000000000000004|28.100000000000001,113.2,0.0,0.80000000000000004,0.80000000000000004|27.399999999999999,115.5,0.0,0.80000000000000004,0.80000000000000004|27.100000000000001,115.59999999999999,0.0,0.80000000000000004,0.80000000000000004|26.800000000000001,115.7,0.0,0.80000000000000004,0.80000000000000004|26.800000000000001,115.7,0.0,0.80000000000000004,0.80000000000000004|26.800000000000001,115.7,0.0,0.80000000000000004,0.80000000000000004|26.800000000000001,115.7,0.0,0.80000000000000004,0.80000000000000004|26.800000000000001,115.7,0.0,0.80000000000000004,0.80000000000000004|26.800000000000001,115.7,0.0,0.80000000000000004,0.80000000000000004|26.800000000000001,115.7,0.0,0.80000000000000004,0.80000000000000004|26.800000000000001,115.7,0.0,0.80000000000000004,0.80000000000000004|26.800000000000001,115.7,0.0,0.80000000000000004,0.80000000000000004|26.800000000000001,115.7,0.0,0.80000000000000004,0.80000000000000004|26.800000000000001,115.7,0.0,0.80000000000000004,0.80000000000000004|26.800000000000001,115.7,0.0,0.80000000000000004,0.80000000000000004|26.800000000000001,115.7,0.0,0.80000000000000004,0.80000000000000004|27.800000000000001,116.40000000000001,0.0,0.80000000000000004,0.80000000000000004|28.800000000000001,117.2,0.0,0.80000000000000004,0.80000000000000004|29.899999999999999,117.8,0.0,0.80000000000000004,0.80000000000000004|30.0,116.8,0.0,0.80000000000000004,0.80000000000000004|30.0,115.7,0.0,0.80000000000000004,0.80000000000000004|30.100000000000001,114.5,0.0,0.80000000000000004,0.80000000000000004|32.5,115.90000000000001,0.0,0.80000000000000004,0.80000000000000004|35.700000000000003,115.8,0.0,0.80000000000000004,0.80000000000000004|31.699999999999999,110.09999999999999,0.0,0.79000000000000004,0.79000000000000004|27.100000000000001,101.90000000000001,0.0,0.79000000000000004,0.79000000000000004|26.199999999999999,101.0,0.0,0.77000000000000002,0.78000000000000003|23.600000000000001,99.299999999999997,0.0,0.75,0.76000000000000001|19.699999999999999,97.700000000000003,0.0,0.72999999999999998,0.75|-13.380000000000001,141.19999999999999,0.0,0.76000000000000001,0.77000000000000002|-11.880000000000001,139.5,0.0,0.79000000000000004,0.79000000000000004|-12.880000000000001,138.59999999999999,0.0,0.79000000000000004,0.79000000000000004|-13.880000000000001,137.69999999999999,0.0,0.79000000000000004,0.79000000000000004|-15.279999999999999,136.80000000000001,0.0,0.79000000000000004,0.79000000000000004
Zombie_outerleg_upper.png|54.799999999999997,67.799999999999997,0.0,0.80000000000000004,0.80000000000000004|50.799999999999997,70.799999999999997,0.0,0.80000000000000004,0.80000000000000004|46.799999999999997,73.700000000000003,0.0,0.80000000000000004,0.80000000000000004|43.0,76.799999999999997,0.0,0.80000000000000004,0.80000000000000004|39.899999999999999,80.200000000000003,0.0,0.80000000000000004,0.82999999999999996|36.899999999999999,83.5,0.0,0.80000000000000004,0.85999999999999999|34.0,86.799999999999997,0.0,0.80000000000000004,0.90000000000000002|34.100000000000001,86.799999999999997,0.0,0.80000000000000004,0.90000000000000002|34.399999999999999,86.599999999999994,0.0,0.80000000000000004,0.90000000000000002|34.399999999999999,86.700000000000003,0.0,0.80000000000000004,0.90000000000000002|34.399999999999999,86.599999999999994,0.0,0.80000000000000004,0.90000000000000002|34.399999999999999,86.700000000000003,0.0,0.80000000000000004,0.90000000000000002|34.200000000000003,86.799999999999997,0.0,0.80000000000000004,0.90000000000000002|34.100000000000001,86.799999999999997,0.0,0.80000000000000004,0.90000000000000002|34.0,86.799999999999997,0.0,0.80000000000000004,0.90000000000000002|32.899999999999999,87.099999999999994,0.0,0.80000000000000004,0.90000000000000002|32.0,87.099999999999994,0.0,0.80000000000000004,0.90000000000000002|31.0,87.099999999999994,0.0,0.80000000000000004,0.90000000000000002|29.0,87.299999999999997,0.0,0.80000000000000004,0.90000000000000002|27.199999999999999,87.5,0.0,0.80000000000000004,0.90000000000000002|25.199999999999999,88.0,0.0,0.80000000000000004,0.90000000000000002|22.399999999999999,88.599999999999994,0.0,0.80000000000000004,0.89000000000000001|19.600000000000001,89.299999999999997,0.0,0.79000000000000004,0.89000000000000001|16.899999999999999,90.099999999999994,0.0,0.80000000000000004,0.89000000000000001|14.199999999999999,93.700000000000003,0.0,0.79000000000000004,0.89000000000000001|11.9,97.5,0.0,0.79000000000000004,0.89000000000000001|10.199999999999999,101.59999999999999,0.0,0.79000000000000004,0.89000000000000001|8.4000000000000004,103.5,0.0,0.79000000000000004,0.89000000000000001|6.7000000000000002,105.40000000000001,0.0,0.79000000000000004,0.89000000000000001|5.0999999999999996,110.0,0.0,0.79000000000000004,0.89000000000000001|6.2999999999999998,113.8,0.0,0.79000000000000004,0.89000000000000001|2.8999999999999999,114.7,0.0,0.76000000000000001,0.88|0.20000000000000001,115.2,0.0,0.72999999999999998,0.87|-1.47,115.7,0.0,0.69999999999999996,0.87|-0.56999999999999995,114.5,0.0,0.73999999999999999,0.88|0.29999999999999999,113.3,0.0,0.79000000000000004,0.89000000000000001|-0.27000000000000002,113.09999999999999,0.0,0.79000000000000004,0.89000000000000001|-0.87,112.90000000000001,0.0,0.79000000000000004,0.89000000000000001|-1.47,112.7,0.0,0.79000000000000004,0.89000000000000001
Zombie_outerleg_foot.png|44.600000000000001,109.3,0.0,0.80000000000000004,0.80000000000000004|42.200000000000003,110.2,0.0,0.80000000000000004,0.80000000000000004|39.899999999999999,111.0,0.0,0.80000000000000004,0.80000000000000004|37.799999999999997,111.8,0.0,0.80000000000000004,0.80000000000000004|36.799999999999997,112.59999999999999,0.0,0.77000000000000002,0.80000000000000004|35.899999999999999,113.2,0.0,0.75,0.80000000000000004|35.0,113.7,0.0,0.71999999999999997,0.80000000000000004|35.0,113.7,0.0,0.71999999999999997,0.80000000000000004|35.100000000000001,113.8,0.0,0.71999999999999997,0.80000000000000004|35.100000000000001,113.8,0.0,0.71999999999999997,0.80000000000000004|35.100000000000001,113.8,0.0,0.71999999999999997,0.80000000000000004|35.100000000000001,113.8,0.0,0.71999999999999997,0.80000000000000004|35.100000000000001,113.8,0.0,0.71999999999999997,0.80000000000000004|35.0,113.8,0.0,0.71999999999999997,0.80000000000000004|35.0,113.7,0.0,0.71999999999999997,0.80000000000000004|35.0,113.40000000000001,0.0,0.71999999999999997,0.80000000000000004|35.0,113.2,0.0,0.71999999999999997,0.80000000000000004|35.100000000000001,112.90000000000001,0.0,0.71999999999999997,0.80000000000000004|35.100000000000001,112.40000000000001,0.0,0.71999999999999997,0.80000000000000004|35.299999999999997,111.8,0.0,0.71999999999999997,0.80000000000000004|35.399999999999999,111.5,0.0,0.71999999999999997,0.80000000000000004|35.700000000000003,110.8,0.0,0.71999999999999997,0.80000000000000004|36.0,109.90000000000001,0.0,0.71999999999999997,0.80000000000000004|36.399999999999999,109.2,0.0,0.71999999999999997,0.80000000000000004|37.5,109.7,0.0,0.68999999999999995,0.81000000000000005|39.5,109.8,0.0,0.65000000000000002,0.81999999999999995|42.399999999999999,109.5,0.0,0.62,0.83999999999999997|47.799999999999997,110.8,0.0,0.62,0.83999999999999997|55.0,109.40000000000001,0.0,0.62,0.83999999999999997|55.5,93.5,0.0,0.60999999999999999,0.82999999999999996|51.100000000000001,70.400000000000006,0.0,0.60999999999999999,0.82999999999999996|58.200000000000003,90.099999999999994,0.0,0.58999999999999997,0.81999999999999995|64.400000000000006,113.2,0.0,0.56999999999999995,0.81999999999999995|60.799999999999997,133.09999999999999,0.0,0.55000000000000004,0.81000000000000005|61.200000000000003,130.90000000000001,0.0,0.57999999999999996,0.81999999999999995|61.799999999999997,128.69999999999999,0.0,0.60999999999999999,0.82999999999999996|61.5,130.09999999999999,0.0,0.60999999999999999,0.82999999999999996|61.200000000000003,131.5,0.0,0.60999999999999999,0.82999999999999996|60.799999999999997,133.0,0.0,0.60999999999999999,0.82999999999999996
Zombie_outerleg_lower.png|60.399999999999999,93.599999999999994,0.0,0.80000000000000004,0.80000000000000004|53.399999999999999,98.099999999999994,0.0,0.80000000000000004,0.80000000000000004|47.799999999999997,103.40000000000001,0.0,0.80000000000000004,0.80000000000000004|43.5,109.2,0.0,0.80000000000000004,0.80000000000000004|40.0,114.09999999999999,0.0,0.80000000000000004,0.84999999999999998|37.600000000000001,118.90000000000001,0.0,0.80000000000000004,0.90000000000000002|36.299999999999997,123.3,0.0,0.80000000000000004,0.95999999999999996|35.299999999999997,123.59999999999999,0.0,0.81000000000000005,0.95999999999999996|34.200000000000003,123.7,0.0,0.81999999999999995,0.95999999999999996|34.299999999999997,123.7,0.0,0.81000000000000005,0.95999999999999996|34.299999999999997,123.7,0.0,0.81000000000000005,0.95999999999999996|34.799999999999997,123.7,0.0,0.81000000000000005,0.95999999999999996|35.299999999999997,123.59999999999999,0.0,0.80000000000000004,0.95999999999999996|35.899999999999999,123.40000000000001,0.0,0.80000000000000004,0.95999999999999996|36.299999999999997,123.3,0.0,0.80000000000000004,0.95999999999999996|36.200000000000003,123.09999999999999,0.0,0.80000000000000004,0.95999999999999996|36.299999999999997,123.0,0.0,0.80000000000000004,0.95999999999999996|36.100000000000001,122.8,0.0,0.80000000000000004,0.95999999999999996|35.899999999999999,122.5,0.0,0.80000000000000004,0.95999999999999996|35.799999999999997,122.2,0.0,0.80000000000000004,0.95999999999999996|35.600000000000001,122.09999999999999,0.0,0.80000000000000004,0.95999999999999996|35.5,121.7,0.0,0.80000000000000004,0.95999999999999996|35.200000000000003,121.3,0.0,0.80000000000000004,0.95999999999999996|35.0,120.8,0.0,0.80000000000000004,0.95999999999999996|36.399999999999999,120.8,0.0,0.80000000000000004,0.94999999999999996|38.0,120.59999999999999,0.0,0.81000000000000005,0.94999999999999996|40.100000000000001,119.90000000000001,0.0,0.81000000000000005,0.94999999999999996|40.0,119.5,0.0,0.81000000000000005,0.94999999999999996|39.799999999999997,118.8,0.0,0.81000000000000005,0.94999999999999996|39.799999999999997,111.2,0.0,0.81000000000000005,0.94999999999999996|39.5,100.8,0.0,0.81000000000000005,0.94999999999999996|34.700000000000003,111.3,0.0,0.80000000000000004,0.94999999999999996|30.199999999999999,116.7,0.0,0.75,0.94999999999999996|27.600000000000001,122.0,0.0,0.70999999999999996,0.94999999999999996|28.399999999999999,120.0,0.0,0.76000000000000001,0.94999999999999996|29.300000000000001,118.0,0.0,0.81000000000000005,0.94999999999999996|28.5,118.8,0.0,0.81000000000000005,0.94999999999999996|27.600000000000001,119.59999999999999,0.0,0.81000000000000005,0.94999999999999996|26.899999999999999,120.40000000000001,0.0,0.81000000000000005,0.94999999999999996
Zombie_body.png|28.899999999999999,33.799999999999997,0.0,0.80000000000000004,0.80000000000000004|25.600000000000001,37.299999999999997,0.0,0.80000000000000004,0.80000000000000004|22.300000000000001,40.600000000000001,0.0,0.80000000000000004,0.80000000000000004|19.0,44.0,0.0,0.80000000000000004,0.80000000000000004|15.6,47.399999999999999,0.0,0.80000000000000004,0.80000000000000004|12.4,50.799999999999997,0.0,0.80000000000000004,0.80000000000000004|9.0999999999999996,54.0,0.0,0.80000000000000004,0.80000000000000004|8.5999999999999996,56.0,0.0,0.80000000000000004,0.77000000000000002|8.1999999999999993,58.0,0.0,0.80000000000000004,0.73999999999999999|8.1999999999999993,58.0,0.0,0.80000000000000004,0.73999999999999999|8.1999999999999993,58.0,0.0,0.80000000000000004,0.73999999999999999|8.4000000000000004,57.0,0.0,0.80000000000000004,0.76000000000000001|8.5999999999999996,56.0,0.0,0.80000000000000004,0.77000000000000002|8.8000000000000007,55.0,0.0,0.80000000000000004,0.78000000000000003|9.0999999999999996,54.0,0.0,0.80000000000000004,0.80000000000000004|8.9000000000000004,53.100000000000001,0.0,0.80000000000000004,0.80000000000000004|8.9000000000000004,52.299999999999997,0.0,0.80000000000000004,0.80000000000000004|8.6999999999999993,51.399999999999999,0.0,0.80000000000000004,0.80000000000000004|8.5,49.5,0.0,0.80000000000000004,0.80000000000000004|8.3000000000000007,47.899999999999999,0.0,0.80000000000000004,0.80000000000000004|7.9000000000000004,46.100000000000001,0.0,0.80000000000000004,0.80000000000000004|7.5999999999999996,45.399999999999999,0.0,0.79000000000000004,0.79000000000000004|7.2000000000000002,44.5,0.0,0.79000000000000004,0.79000000000000004|7.0999999999999996,43.799999999999997,0.0,0.79000000000000004,0.79000000000000004|0.90000000000000002,48.700000000000003,0.0,0.79000000000000004,0.79000000000000004|-4.8700000000000001,53.899999999999999,0.0,0.79000000000000004,0.79000000000000004|-10.77,59.299999999999997,0.0,0.79000000000000004,0.79000000000000004|-17.170000000000002,63.600000000000001,0.0,0.79000000000000004,0.79000000000000004|-23.07,68.299999999999997,0.0,0.79000000000000004,0.79000000000000004|-34.369999999999997,82.099999999999994,0.0,0.79000000000000004,0.79000000000000004|-43.670000000000002,97.200000000000003,0.0,0.79000000000000004,0.79000000000000004|-43.170000000000002,104.59999999999999,0.0,0.72999999999999998,0.78000000000000003|-41.969999999999999,111.90000000000001,0.0,0.67000000000000004,0.77000000000000002|-40.469999999999999,119.09999999999999,0.0,0.62,0.77000000000000002|-40.57,115.8,0.0,0.65000000000000002,0.78000000000000003|-40.770000000000003,112.5,0.0,0.68999999999999995,0.79000000000000004|-40.57,113.90000000000001,0.0,0.68999999999999995,0.79000000000000004|-40.469999999999999,115.2,0.0,0.68999999999999995,0.79000000000000004|-40.469999999999999,116.7,0.0,0.68999999999999995,0.79000000000000004
Zombie_tie.png|23.800000000000001,50.899999999999999,0.0,0.80000000000000004,0.80000000000000004|20.399999999999999,54.100000000000001,0.0,0.80000000000000004,0.80000000000000004|16.899999999999999,57.399999999999999,0.0,0.80000000000000004,0.80000000000000004|13.4,60.799999999999997,0.0,0.80000000000000004,0.80000000000000004|9.9000000000000004,64.099999999999994,0.0,0.80000000000000004,0.80000000000000004|6.4000000000000004,67.400000000000006,0.0,0.80000000000000004,0.80000000000000004|2.8999999999999999,70.700000000000003,0.0,0.80000000000000004,0.80000000000000004|2.8999999999999999,72.299999999999997,0.0,0.80000000000000004,0.80000000000000004|2.8999999999999999,74.200000000000003,0.0,0.80000000000000004,0.80000000000000004|3.0,74.200000000000003,0.0,0.80000000000000004,0.80000000000000004|2.8999999999999999,74.200000000000003,0.0,0.80000000000000004,0.80000000000000004|3.0,73.299999999999997,0.0,0.80000000000000004,0.80000000000000004|3.0,72.5,0.0,0.80000000000000004,0.80000000000000004|3.0,71.599999999999994,0.0,0.80000000000000004,0.80000000000000004|2.8999999999999999,70.700000000000003,0.0,0.80000000000000004,0.80000000000000004|2.5,69.599999999999994,0.0,0.80000000000000004,0.80000000000000004|2.1000000000000001,68.599999999999994,0.0,0.80000000000000004,0.80000000000000004|1.8,67.599999999999994,0.0,0.80000000000000004,0.80000000000000004|0.90000000000000002,65.599999999999994,0.0,0.80000000000000004,0.80000000000000004|0.20000000000000001,63.600000000000001,0.0,0.80000000000000004,0.80000000000000004|-0.37,61.600000000000001,0.0,0.80000000000000004,0.80000000000000004|-1.0700000000000001,59.5,0.0,0.79000000000000004,0.79000000000000004|-1.5700000000000001,57.600000000000001,0.0,0.79000000000000004,0.79000000000000004|-2.1699999999999999,56.0,0.0,0.79000000000000004,0.79000000000000004|-7.4699999999999998,63.0,0.0,0.79000000000000004,0.79000000000000004|-12.27,71.099999999999994,0.0,0.79000000000000004,0.79000000000000004|-16.670000000000002,79.799999999999997,0.0,0.79000000000000004,0.79000000000000004|-18.969999999999999,85.700000000000003,0.0,0.79000000000000004,0.79000000000000004|-19.670000000000002,92.0,0.0,0.79000000000000004,0.79000000000000004|-24.469999999999999,103.90000000000001,0.0,0.79000000000000004,0.79000000000000004|-28.57,115.59999999999999,0.0,0.79000000000000004,0.79000000000000004|-28.469999999999999,120.3,0.0,0.75,0.78000000000000003|-28.27,125.09999999999999,0.0,0.71999999999999997,0.78000000000000003|-27.77,129.80000000000001,0.0,0.68000000000000005,0.78000000000000003|-27.77,128.80000000000001,0.0,0.72999999999999998,0.78000000000000003|-27.77,127.7,0.0,0.78000000000000003,0.78000000000000003|-27.77,128.19999999999999,0.0,0.78000000000000003,0.78000000000000003|-27.77,128.69999999999999,0.0,0.78000000000000003,0.78000000000000003|-27.77,129.09999999999999,0.0,0.78000000000000003,0.78000000000000003
Zombie_jaw.png|13.5,40.600000000000001,0.0,0.80000000000000004,0.80000000000000004|13.5,40.600000000000001,0.0,0.80000000000000004,0.80000000000000004|-0.47999999999999998,30.600000000000001,0.0,0.80000000000000004,0.80000000000000004|-1.48,54.600000000000001,0.0,0.80000000000000004,0.80000000000000004|-7.4800000000000004,62.600000000000001,0.0,0.80000000000000004,0.80000000000000004|-7.4800000000000004,62.600000000000001,0.0,0.80000000000000004,0.80000000000000004|-7.4800000000000004,62.600000000000001,0.0,0.80000000000000004,0.80000000000000004|-7.4800000000000004,62.600000000000001,0.0,0.80000000000000004,0.80000000000000004|-7.4800000000000004,62.600000000000001,0.0,0.80000000000000004,0.80000000000000004|-7.4800000000000004,62.600000000000001,0.0,0.80000000000000004,0.80000000000000004|-7.4800000000000004,62.600000000000001,0.0,0.80000000000000004,0.80000000000000004|-7.4800000000000004,62.600000000000001,0.0,0.80000000000000004,0.80000000000000004|-7.4800000000000004,62.600000000000001,0.0,0.80000000000000004,0.80000000000000004|-7.4800000000000004,62.600000000000001,0.0,0.80000000000000004,0.80000000000000004|-7.4800000000000004,62.600000000000001,0.0,0.80000000000000004,0.80000000000000004|-7.4800000000000004,62.600000000000001,0.0,0.80000000000000004,0.80000000000000004|-7.4800000000000004,62.600000000000001,0.0,0.80000000000000004,0.80000000000000004|-7.4800000000000004,62.600000000000001,0.0,0.80000000000000004,0.80000000000000004|-7.4800000000000004,62.600000000000001,0.0,0.80000000000000004,0.80000000000000004|-7.4800000000000004,62.600000000000001,0.0,0.80000000000000004,0.80000000000000004|-7.4800000000000004,62.600000000000001,0.0,0.80000000000000004,0.80000000000000004|-20.48,55.600000000000001,0.0,0.80000000000000004,0.80000000000000004|-11.48,63.600000000000001,0.0,0.80000000000000004,0.80000000000000004|-11.48,63.600000000000001,0.0,0.80000000000000004,0.80000000000000004|-11.48,63.600000000000001,0.0,0.80000000000000004,0.80000000000000004|-11.48,63.600000000000001,0.0,0.80000000000000004,0.80000000000000004|-11.48,63.600000000000001,0.0,0.80000000000000004,0.80000000000000004|-11.48,63.600000000000001,0.0,0.80000000000000004,0.80000000000000004|-54.479999999999997,81.599999999999994,0.0,0.80000000000000004,0.80000000000000004|-68.480000000000004,99.599999999999994,0.0,0.80000000000000004,0.80000000000000004|-68.480000000000004,99.599999999999994,0.0,0.80000000000000004,0.80000000000000004|-63.479999999999997,109.59999999999999,0.0,0.80000000000000004,0.80000000000000004|-72.480000000000004,131.59999999999999,0.0,0.80000000000000004,0.80000000000000004|-74.480000000000004,144.59999999999999,0.0,0.80000000000000004,0.80000000000000004|-72.480000000000004,131.59999999999999,0.0,0.80000000000000004,0.80000000000000004|-72.480000000000004,131.59999999999999,0.0,0.80000000000000004,0.80000000000000004|-72.480000000000004,131.59999999999999,0.0,0.80000000000000004,0.80000000000000004|-72.480000000000004,131.59999999999999,0.0,0.80000000000000004,0.80000000000000004|-72.480000000000004,131.59999999999999,0.0,0.80000000000000004,0.80000000000000004
Zombie_tongue.png|20.399999999999999,43.0,0.0,0.80000000000000004,0.67000000000000004|20.399999999999999,43.0,0.0,0.80000000000000004,0.67000000000000004|8.4000000000000004,46.0,0.0,0.80000000000000004,0.67000000000000004|5.4000000000000004,57.0,0.0,0.80000000000000004,0.67000000000000004|-0.57999999999999996,65.0,0.0,0.80000000000000004,0.67000000000000004|-0.57999999999999996,65.0,0.0,0.80000000000000004,0.67000000000000004|-0.57999999999999996,65.0,0.0,0.80000000000000004,0.67000000000000004|-0.57999999999999996,65.0,0.0,0.80000000000000004,0.67000000000000004|-0.57999999999999996,65.0,0.0,0.80000000000000004,0.67000000000000004|-0.57999999999999996,65.0,0.0,0.80000000000000004,0.67000000000000004|-0.57999999999999996,65.0,0.0,0.80000000000000004,0.67000000000000004|-0.57999999999999996,65.0,0.0,0.80000000000000004,0.67000000000000004|-0.57999999999999996,65.0,0.0,0.80000000000000004,0.67000000000000004|-0.57999999999999996,65.0,0.0,0.80000000000000004,0.67000000000000004|-0.57999999999999996,65.0,0.0,0.80000000000000004,0.67000000000000004|-0.57999999999999996,65.0,0.0,0.80000000000000004,0.67000000000000004|-0.57999999999999996,65.0,0.0,0.80000000000000004,0.67000000000000004|-0.57999999999999996,65.0,0.0,0.80000000000000004,0.67000000000000004|-0.57999999999999996,65.0,0.0,0.80000000000000004,0.67000000000000004|-0.57999999999999996,65.0,0.0,0.80000000000000004,0.67000000000000004|-0.57999999999999996,65.0,0.0,0.80000000000000004,0.67000000000000004|-13.58,58.0,0.0,0.80000000000000004,0.67000000000000004|-4.5800000000000001,66.0,0.0,0.80000000000000004,0.67000000000000004|-18.579999999999998,68.0,0.0,0.80000000000000004,0.67000000000000004|-4.5800000000000001,66.0,0.0,0.80000000000000004,0.67000000000000004|-4.5800000000000001,66.0,0.0,0.80000000000000004,0.67000000000000004|-4.5800000000000001,66.0,0.0,0.80000000000000004,0.67000000000000004|-4.5800000000000001,66.0,0.0,0.80000000000000004,0.67000000000000004|-47.579999999999998,84.0,0.0,0.80000000000000004,0.67000000000000004|-61.579999999999998,102.0,0.0,0.80000000000000004,0.67000000000000004|-61.579999999999998,102.0,0.0,0.80000000000000004,0.67000000000000004|-56.579999999999998,112.0,0.0,0.80000000000000004,0.67000000000000004|-65.579999999999998,134.0,0.0,0.80000000000000004,0.67000000000000004|-67.579999999999998,147.0,0.0,0.80000000000000004,0.67000000000000004|-65.579999999999998,134.0,0.0,0.80000000000000004,0.67000000000000004|-65.579999999999998,134.0,0.0,0.80000000000000004,0.67000000000000004|-65.579999999999998,134.0,0.0,0.80000000000000004,0.67000000000000004|-65.579999999999998,134.0,0.0,0.80000000000000004,0.67000000000000004|-65.579999999999998,134.0,0.0,0.80000000000000004,0.67000000000000004
Zombie_mustache1.png|4.5999999999999996,31.0,0.0,0.80000000000000004,0.80000000000000004|4.5999999999999996,31.0,0.0,0.80000000000000004,0.80000000000000004|-5.3799999999999999,40.0,0.0,0.80000000000000004,0.80000000000000004|-10.380000000000001,45.0,0.0,0.80000000000000004,0.80000000000000004|-16.379999999999999,53.0,0.0,0.80000000000000004,0.80000000000000004|-16.379999999999999,53.0,0.0,0.80000000000000004,0.80000000000000004|-16.379999999999999,53.0,0.0,0.80000000000000004,0.80000000000000004|-16.379999999999999,53.0,0.0,0.80000000000000004,0.80000000000000004|-16.379999999999999,53.0,0.0,0.80000000000000004,0.80000000000000004|-16.379999999999999,53.0,0.0,0.80000000000000004,0.80000000000000004|-16.379999999999999,53.0,0.0,0.80000000000000004,0.80000000000000004|-16.379999999999999,53.0,0.0,0.80000000000000004,0.80000000000000004|-16.379999999999999,53.0,0.0,0.80000000000000004,0.80000000000000004|-16.379999999999999,53.0,0.0,0.80000000000000004,0.80000000000000004|-21.379999999999999,49.0,0.0,0.80000000000000004,0.80000000000000004|-19.379999999999999,50.0,0.0,0.80000000000000004,0.80000000000000004|-18.379999999999999,53.0,0.0,0.80000000000000004,0.80000000000000004|-22.379999999999999,52.0,0.0,0.80000000000000004,0.80000000000000004|-16.379999999999999,53.0,0.0,0.80000000000000004,0.80000000000000004|-34.380000000000003,55.0,0.0,0.80000000000000004,0.80000000000000004|-41.380000000000003,53.0,0.0,0.80000000000000004,0.80000000000000004|-46.380000000000003,50.0,0.0,0.80000000000000004,0.80000000000000004|-47.380000000000003,50.0,0.0,0.80000000000000004,0.80000000000000004|-58.380000000000003,49.0,0.0,0.80000000000000004,0.80000000000000004|-38.380000000000003,56.0,0.0,0.80000000000000004,0.80000000000000004|-38.380000000000003,56.0,0.0,0.80000000000000004,0.80000000000000004|-38.380000000000003,56.0,0.0,0.80000000000000004,0.80000000000000004|-38.380000000000003,56.0,0.0,0.80000000000000004,0.80000000000000004|-81.379999999999995,74.0,0.0,0.80000000000000004,0.80000000000000004|-95.379999999999995,92.0,0.0,0.80000000000000004,0.80000000000000004|-95.379999999999995,92.0,0.0,0.80000000000000004,0.80000000000000004|-90.379999999999995,102.0,0.0,0.80000000000000004,0.80000000000000004|-99.379999999999995,124.0,0.0,0.80000000000000004,0.80000000000000004|-101.38,137.0,0.0,0.80000000000000004,0.80000000000000004|-99.379999999999995,124.0,0.0,0.80000000000000004,0.80000000000000004|-99.379999999999995,124.0,0.0,0.80000000000000004,0.80000000000000004|-99.379999999999995,124.0,0.0,0.80000000000000004,0.80000000000000004|-99.379999999999995,124.0,0.0,0.80000000000000004,0.80000000000000004|-99.379999999999995,124.0,0.0,0.80000000000000004,0.80000000000000004
Zombie_outerarm_hand.png|32.899999999999999,83.099999999999994,0.0,0.80000000000000004,0.80000000000000004|30.699999999999999,86.700000000000003,0.0,0.80000000000000004,0.80000000000000004|28.300000000000001,90.400000000000006,0.0,0.80000000000000004,0.80000000000000004|26.100000000000001,94.099999999999994,0.0,0.80000000000000004,0.80000000000000004|23.800000000000001,97.700000000000003,0.0,0.80000000000000004,0.80000000000000004|21.600000000000001,101.3,0.0,0.80000000000000004,0.80000000000000004|19.399999999999999,105.2,0.0,0.80000000000000004,0.80000000000000004|18.600000000000001,108.8,0.0,0.80000000000000004,0.80000000000000004|18.0,112.3,0.0,0.80000000000000004,0.80000000000000004|18.0,112.3,0.0,0.80000000000000004,0.80000000000000004|18.0,112.3,0.0,0.80000000000000004,0.80000000000000004|18.300000000000001,110.5,0.0,0.80000000000000004,0.80000000000000004|18.600000000000001,108.7,0.0,0.80000000000000004,0.80000000000000004|19.0,107.0,0.0,0.80000000000000004,0.80000000000000004|19.399999999999999,105.2,0.0,0.80000000000000004,0.80000000000000004|19.0,104.7,0.0,0.80000000000000004,0.80000000000000004|18.699999999999999,104.09999999999999,0.0,0.80000000000000004,0.80000000000000004|18.199999999999999,103.59999999999999,0.0,0.80000000000000004,0.80000000000000004|17.399999999999999,102.3,0.0,0.80000000000000004,0.80000000000000004|16.600000000000001,101.2,0.0,0.79000000000000004,0.79000000000000004|15.9,100.09999999999999,0.0,0.80000000000000004,0.80000000000000004|14.800000000000001,100.0,0.0,0.79000000000000004,0.79000000000000004|13.6,99.799999999999997,0.0,0.79000000000000004,0.79000000000000004|12.5,99.799999999999997,0.0,0.79000000000000004,0.79000000000000004|15.9,104.8,0.0,0.79000000000000004,0.79000000000000004|22.300000000000001,109.90000000000001,0.0,0.79000000000000004,0.79000000000000004|31.699999999999999,113.8,0.0,0.79000000000000004,0.79000000000000004|34.100000000000001,108.2,0.0,0.79000000000000004,0.79000000000000004|36.799999999999997,101.90000000000001,0.0,0.79000000000000004,0.79000000000000004|30.600000000000001,92.599999999999994,0.0,0.78000000000000003,0.78000000000000003|23.899999999999999,80.599999999999994,0.0,0.78000000000000003,0.78000000000000003|19.699999999999999,100.0,0.0,0.75,0.78000000000000003|15.300000000000001,117.8,0.0,0.71999999999999997,0.77000000000000002|11.5,134.0,0.0,0.68999999999999995,0.77000000000000002|15.1,129.69999999999999,0.0,0.73999999999999999,0.77000000000000002|18.899999999999999,124.90000000000001,0.0,0.78000000000000003,0.78000000000000003|16.5,128.19999999999999,0.0,0.78000000000000003,0.78000000000000003|13.9,131.19999999999999,0.0,0.78000000000000003,0.78000000000000003|11.5,134.0,0.0,0.78000000000000003,0.78000000000000003
Zombie_outerarm_upper.png|42.700000000000003,42.5,0.0,0.80000000000000004,0.80000000000000004|39.100000000000001,46.0,0.0,0.80000000000000004,0.80000000000000004|35.5,49.399999999999999,0.0,0.80000000000000004,0.80000000000000004|32.0,52.899999999999999,0.0,0.80000000000000004,0.80000000000000004|28.399999999999999,56.5,0.0,0.80000000000000004,0.80000000000000004|24.899999999999999,60.0,0.0,0.80000000000000004,0.80000000000000004|21.300000000000001,63.5,0.0,0.80000000000000004,0.80000000000000004|21.399999999999999,64.799999999999997,0.0,0.80000000000000004,0.80000000000000004|21.5,66.200000000000003,0.0,0.80000000000000004,0.80000000000000004|21.600000000000001,66.099999999999994,0.0,0.80000000000000004,0.80000000000000004|21.5,66.200000000000003,0.0,0.80000000000000004,0.80000000000000004|21.5,65.400000000000006,0.0,0.80000000000000004,0.80000000000000004|21.399999999999999,64.900000000000006,0.0,0.80000000000000004,0.80000000000000004|21.300000000000001,64.200000000000003,0.0,0.80000000000000004,0.80000000000000004|21.300000000000001,63.5,0.0,0.80000000000000004,0.80000000000000004|20.899999999999999,63.0,0.0,0.79000000000000004,0.80000000000000004|20.5,62.5,0.0,0.79000000000000004,0.80000000000000004|20.0,61.899999999999999,0.0,0.78000000000000003,0.80000000000000004|19.199999999999999,60.799999999999997,0.0,0.77000000000000002,0.80000000000000004|18.300000000000001,59.799999999999997,0.0,0.77000000000000002,0.79000000000000004|17.399999999999999,58.799999999999997,0.0,0.76000000000000001,0.80000000000000004|16.100000000000001,58.799999999999997,0.0,0.73999999999999999,0.79000000000000004|14.800000000000001,58.700000000000003,0.0,0.72999999999999998,0.79000000000000004|13.4,58.5,0.0,0.71999999999999997,0.79000000000000004|8.6999999999999993,63.899999999999999,0.0,0.68999999999999995,0.79000000000000004|4.2999999999999998,69.599999999999994,0.0,0.66000000000000003,0.79000000000000004|0.10000000000000001,75.299999999999997,0.0,0.64000000000000001,0.79000000000000004|-4.0700000000000003,78.0,0.0,0.64000000000000001,0.79000000000000004|-7.7699999999999996,80.700000000000003,0.0,0.64000000000000001,0.79000000000000004|-15.57,91.5,0.0,0.64000000000000001,0.79000000000000004|-20.77,101.3,0.0,0.63,0.79000000000000004|-25.170000000000002,105.09999999999999,0.0,0.60999999999999999,0.78000000000000003|-28.07,108.2,0.0,0.58999999999999997,0.77000000000000002|-29.670000000000002,110.90000000000001,0.0,0.56999999999999995,0.76000000000000001|-28.870000000000001,110.5,0.0,0.59999999999999998,0.77000000000000002|-28.170000000000002,110.0,0.0,0.63,0.78000000000000003|-28.670000000000002,109.09999999999999,0.0,0.63,0.78000000000000003|-29.170000000000002,108.09999999999999,0.0,0.63,0.78000000000000003|-29.670000000000002,107.2,0.0,0.63,0.78000000000000003
Zombie_outerarm_lower.png|36.299999999999997,66.0,0.0,0.80000000000000004,0.80000000000000004|33.399999999999999,69.599999999999994,0.0,0.80000000000000004,0.80000000000000004|30.699999999999999,73.299999999999997,0.0,0.80000000000000004,0.80000000000000004|27.800000000000001,76.900000000000006,0.0,0.80000000000000004,0.80000000000000004|25.0,80.5,0.0,0.80000000000000004,0.80000000000000004|22.300000000000001,84.200000000000003,0.0,0.80000000000000004,0.80000000000000004|19.399999999999999,87.799999999999997,0.0,0.80000000000000004,0.80000000000000004|19.5,89.5,0.0,0.80000000000000004,0.80000000000000004|19.5,91.299999999999997,0.0,0.80000000000000004,0.80000000000000004|19.5,91.299999999999997,0.0,0.80000000000000004,0.80000000000000004|19.5,91.299999999999997,0.0,0.80000000000000004,0.80000000000000004|19.5,90.5,0.0,0.80000000000000004,0.80000000000000004|19.5,89.599999999999994,0.0,0.80000000000000004,0.80000000000000004|19.399999999999999,88.700000000000003,0.0,0.80000000000000004,0.80000000000000004|19.399999999999999,87.799999999999997,0.0,0.80000000000000004,0.80000000000000004|19.0,87.200000000000003,0.0,0.80000000000000004,0.80000000000000004|18.699999999999999,86.599999999999994,0.0,0.80000000000000004,0.80000000000000004|18.199999999999999,86.099999999999994,0.0,0.80000000000000004,0.80000000000000004|17.399999999999999,85.0,0.0,0.80000000000000004,0.80000000000000004|16.5,83.799999999999997,0.0,0.79000000000000004,0.79000000000000004|15.699999999999999,82.599999999999994,0.0,0.80000000000000004,0.80000000000000004|14.5,82.5,0.0,0.79000000000000004,0.79000000000000004|13.199999999999999,82.299999999999997,0.0,0.79000000000000004,0.79000000000000004|11.9,82.299999999999997,0.0,0.79000000000000004,0.79000000000000004|10.699999999999999,88.299999999999997,0.0,0.79000000000000004,0.79000000000000004|10.699999999999999,94.799999999999997,0.0,0.79000000000000004,0.79000000000000004|12.0,101.2,0.0,0.79000000000000004,0.79000000000000004|12.5,100.2,0.0,0.79000000000000004,0.79000000000000004|13.6,99.0,0.0,0.79000000000000004,0.79000000000000004|9.8000000000000007,99.0,0.0,0.78000000000000003,0.78000000000000003|6.7999999999999998,96.599999999999994,0.0,0.78000000000000003,0.78000000000000003|0.0,108.7,0.0,0.75,0.78000000000000003|-5.9699999999999998,119.40000000000001,0.0,0.70999999999999996,0.78000000000000003|-10.869999999999999,128.90000000000001,0.0,0.68000000000000005,0.78000000000000003|-7.6699999999999999,128.69999999999999,0.0,0.72999999999999998,0.78000000000000003|-3.9700000000000002,128.40000000000001,0.0,0.78000000000000003,0.78000000000000003|-6.3700000000000001,128.40000000000001,0.0,0.78000000000000003,0.78000000000000003|-8.8699999999999992,128.30000000000001,0.0,0.78000000000000003,0.78000000000000003|-10.869999999999999,128.09999999999999,0.0,0.78000000000000003,0.78000000000000003
Zombie_hair.png|2.6000000000000001,6.2000000000000002,0.0,0.80000000000000004,0.80000000000000004|2.6000000000000001,6.2000000000000002,0.0,0.80000000000000004,0.80000000000000004|-7.3799999999999999,15.199999999999999,0.0,0.80000000000000004,0.80000000000000004|-12.380000000000001,20.199999999999999,0.0,0.80000000000000004,0.80000000000000004|-18.379999999999999,28.199999999999999,0.0,0.80000000000000004,0.80000000000000004|-18.379999999999999,28.199999999999999,0.0,0.80000000000000004,0.80000000000000004|-18.379999999999999,28.199999999999999,0.0,0.80000000000000004,0.80000000000000004|-18.379999999999999,28.199999999999999,0.0,0.80000000000000004,0.80000000000000004|-18.379999999999999,28.199999999999999,0.0,0.80000000000000004,0.80000000000000004|-18.379999999999999,28.199999999999999,0.0,0.80000000000000004,0.80000000000000004|-18.379999999999999,28.199999999999999,0.0,0.80000000000000004,0.80000000000000004|-18.379999999999999,28.199999999999999,0.0,0.80000000000000004,0.80000000000000004|-18.379999999999999,28.199999999999999,0.0,0.80000000000000004,0.80000000000000004|-18.379999999999999,28.199999999999999,0.0,0.80000000000000004,0.80000000000000004|-23.379999999999999,24.199999999999999,0.0,0.80000000000000004,0.80000000000000004|-21.379999999999999,25.199999999999999,0.0,0.80000000000000004,0.80000000000000004|-20.379999999999999,28.199999999999999,0.0,0.80000000000000004,0.80000000000000004|-24.379999999999999,27.199999999999999,0.0,0.80000000000000004,0.80000000000000004|-18.379999999999999,28.199999999999999,0.0,0.80000000000000004,0.80000000000000004|-36.380000000000003,30.199999999999999,0.0,0.80000000000000004,0.80000000000000004|-43.380000000000003,28.199999999999999,0.0,0.80000000000000004,0.80000000000000004|-49.380000000000003,23.199999999999999,0.0,0.80000000000000004,0.80000000000000004|-49.380000000000003,25.199999999999999,0.0,0.80000000000000004,0.80000000000000004|-60.380000000000003,24.199999999999999,0.0,0.80000000000000004,0.80000000000000004|-40.380000000000003,31.199999999999999,0.0,0.80000000000000004,0.80000000000000004|-40.380000000000003,31.199999999999999,0.0,0.80000000000000004,0.80000000000000004|-40.380000000000003,31.199999999999999,0.0,0.80000000000000004,0.80000000000000004|-40.380000000000003,31.199999999999999,0.0,0.80000000000000004,0.80000000000000004|-83.379999999999995,49.200000000000003,0.0,0.80000000000000004,0.80000000000000004|-97.379999999999995,67.200000000000003,0.0,0.80000000000000004,0.80000000000000004|-97.379999999999995,67.200000000000003,0.0,0.80000000000000004,0.80000000000000004|-92.379999999999995,77.200000000000003,0.0,0.80000000000000004,0.80000000000000004|-101.38,99.200000000000003,0.0,0.80000000000000004,0.80000000000000004|-103.38,112.2,0.0,0.80000000000000004,0.80000000000000004|-101.38,99.200000000000003,0.0,0.80000000000000004,0.80000000000000004|-101.38,99.200000000000003,0.0,0.80000000000000004,0.80000000000000004|-101.38,99.200000000000003,0.0,0.80000000000000004,0.80000000000000004|-101.38,99.200000000000003,0.0,0.80000000000000004,0.80000000000000004|-101.38,99.200000000000003,0.0,0.80000000000000004,0.80000000000000004