fps=12
nFrame=40
Zombie_innerarm_hand.png|4.0,42.799999999999997,0.0,0.79000000000000004,0.79000000000000004|4.0,46.5,0.0,0.79000000000000004,0.79000000000000004|3.8999999999999999,50.5,0.0,0.79000000000000004,0.79000000000000004|3.7000000000000002,54.5,0.0,0.79000000000000004,0.79000000000000004|3.7999999999999998,57.399999999999999,0.0,0.79000000000000004,0.79000000000000004|4.0,60.399999999999999,0.0,0.80000000000000004,0.80000000000000004|3.7999999999999998,61.399999999999999,0.0,0.79000000000000004,0.79000000000000004|3.6000000000000001,62.299999999999997,0.0,0.79000000000000004,0.79000000000000004|3.5,63.399999999999999,0.0,0.79000000000000004,0.79000000000000004|3.5,64.5,0.0,0.79000000000000004,0.79000000000000004|3.2999999999999998,65.5,0.0,0.79000000000000004,0.79000000000000004|3.2000000000000002,64.799999999999997,0.0,0.79000000000000004,0.79000000000000004|3.2999999999999998,64.0,0.0,0.79000000000000004,0.79000000000000004|3.3999999999999999,63.5,0.0,0.79000000000000004,0.79000000000000004|3.5,63.100000000000001,0.0,0.79000000000000004,0.79000000000000004|3.7999999999999998,63.0,0.0,0.79000000000000004,0.79000000000000004|5.0,59.0,0.0,0.79000000000000004,0.79000000000000004|6.2999999999999998,55.5,0.0,0.79000000000000004,0.79000000000000004|7.2999999999999998,52.299999999999997,0.0,0.79000000000000004,0.79000000000000004|8.1999999999999993,49.600000000000001,0.0,0.79000000000000004,0.79000000000000004|8.5999999999999996,47.0,0.0,0.79000000000000004,0.79000000000000004|10.800000000000001,46.100000000000001,0.0,0.80000000000000004,0.79000000000000004|12.800000000000001,45.299999999999997,0.0,0.81000000000000005,0.79000000000000004|14.300000000000001,44.5,0.0,0.81999999999999995,0.79000000000000004|15.6,43.5,0.0,0.81999999999999995,0.79000000000000004|16.600000000000001,42.5,0.0,0.82999999999999996,0.79000000000000004|16.399999999999999,41.0,0.0,0.81999999999999995,0.79000000000000004|15.5,39.399999999999999,0.0,0.81000000000000005,0.79000000000000004|14.0,37.899999999999999,0.0,0.80000000000000004,0.79000000000000004|11.9,36.5,0.0,0.79000000000000004,0.79000000000000004|9.6999999999999993,38.700000000000003,0.0,0.80000000000000004,0.78000000000000003|7.2000000000000002,41.100000000000001,0.0,0.81000000000000005,0.77000000000000002|4.5,43.799999999999997,0.0,0.81999999999999995,0.76000000000000001|1.8999999999999999,46.799999999999997,0.0,0.82999999999999996,0.75|2.2999999999999998,46.0,0.0,0.81999999999999995,0.76000000000000001|2.6000000000000001,45.299999999999997,0.0,0.81000000000000005,0.76000000000000001|3.0,44.5,0.0,0.81000000000000005,0.77000000000000002|3.2999999999999998,43.799999999999997,0.0,0.80000000000000004,0.78000000000000003|3.7000000000000002,43.0,0.0,0.80000000000000004,0.78000000000000003|4.0,42.799999999999997,0.0,0.79000000000000004,0.79000000000000004
Zombie_innerarm_lower.png|19.199999999999999,47.600000000000001,0.0,0.84999999999999998,0.80000000000000004|20.0,49.399999999999999,0.0,0.84999999999999998,0.80000000000000004|20.699999999999999,51.100000000000001,0.0,0.84999999999999998,0.80000000000000004|21.5,53.0,0.0,0.85999999999999999,0.80000000000000004|20.899999999999999,54.600000000000001,0.0,0.85999999999999999,0.80000000000000004|20.300000000000001,56.100000000000001,0.0,0.87,0.80000000000000004|20.699999999999999,56.200000000000003,0.0,0.85999999999999999,0.80000000000000004|21.100000000000001,56.200000000000003,0.0,0.84999999999999998,0.80000000000000004|21.5,56.299999999999997,0.0,0.82999999999999996,0.80000000000000004|21.899999999999999,56.399999999999999,0.0,0.81999999999999995,0.80000000000000004|22.399999999999999,56.399999999999999,0.0,0.81000000000000005,0.80000000000000004|21.300000000000001,56.600000000000001,0.0,0.81999999999999995,0.80000000000000004|20.300000000000001,56.899999999999999,0.0,0.81999999999999995,0.80000000000000004|19.300000000000001,57.100000000000001,0.0,0.82999999999999996,0.80000000000000004|18.300000000000001,57.5,0.0,0.82999999999999996,0.80000000000000004|17.399999999999999,57.600000000000001,0.0,0.82999999999999996,0.80000000000000004|18.5,56.0,0.0,0.82999999999999996,0.80000000000000004|19.600000000000001,54.399999999999999,0.0,0.82999999999999996,0.79000000000000004|20.600000000000001,53.0,0.0,0.82999999999999996,0.79000000000000004|21.600000000000001,51.799999999999997,0.0,0.82999999999999996,0.79000000000000004|22.399999999999999,50.600000000000001,0.0,0.82999999999999996,0.79000000000000004|23.300000000000001,50.5,0.0,0.81999999999999995,0.79000000000000004|24.100000000000001,50.399999999999999,0.0,0.81999999999999995,0.79000000000000004|24.800000000000001,50.5,0.0,0.81999999999999995,0.79000000000000004|25.399999999999999,50.5,0.0,0.81000000000000005,0.79000000000000004|26.100000000000001,50.799999999999997,0.0,0.81000000000000005,0.79000000000000004|26.300000000000001,50.299999999999997,0.0,0.81000000000000005,0.79000000000000004|26.399999999999999,49.799999999999997,0.0,0.81000000000000005,0.79000000000000004|26.600000000000001,49.299999999999997,0.0,0.81000000000000005,0.79000000000000004|26.699999999999999,49.0,0.0,0.81000000000000005,0.79000000000000004|25.899999999999999,48.899999999999999,0.0,0.81000000000000005,0.79000000000000004|24.899999999999999,48.899999999999999,0.0,0.81999999999999995,0.79000000000000004|23.899999999999999,49.0,0.0,0.81999999999999995,0.79000000000000004|22.699999999999999,49.399999999999999,0.0,0.81999999999999995,0.79000000000000004|22.199999999999999,49.100000000000001,0.0,0.82999999999999996,0.79000000000000004|21.699999999999999,48.899999999999999,0.0,0.82999999999999996,0.79000000000000004|21.100000000000001,48.600000000000001,0.0,0.82999999999999996,0.79000000000000004|20.600000000000001,48.399999999999999,0.0,0.83999999999999997,0.79000000000000004|20.100000000000001,48.100000000000001,0.0,0.83999999999999997,0.80000000000000004|19.199999999999999,47.600000000000001,0.0,0.84999999999999998,0.80000000000000004
Zombie_innerarm_upper.png|37.600000000000001,36.299999999999997,0.0,0.91000000000000003,1.05|36.899999999999999,36.600000000000001,0.0,0.93000000000000005,1.04|36.0,37.0,0.0,0.94999999999999996,1.03|35.0,37.700000000000003,0.0,0.96999999999999997,1.02|34.0,38.5,0.0,0.98999999999999999,1.01|32.799999999999997,39.799999999999997,0.0,1.02,1.0|32.600000000000001,40.0,0.0,1.01,1.0|32.600000000000001,40.399999999999999,0.0,1.01,1.0|32.5,40.600000000000001,0.0,1.0,1.0|32.5,41.0,0.0,1.0,1.0|32.399999999999999,41.299999999999997,0.0,1.0,1.0|31.699999999999999,41.0,0.0,0.96999999999999997,1.0|31.100000000000001,40.799999999999997,0.0,0.94999999999999996,1.0|30.399999999999999,40.5,0.0,0.93000000000000005,1.0|29.800000000000001,40.5,0.0,0.91000000000000003,1.0|29.100000000000001,40.299999999999997,0.0,0.89000000000000001,1.0|30.699999999999999,39.899999999999999,0.0,0.89000000000000001,1.0|32.299999999999997,39.5,0.0,0.89000000000000001,1.0|33.799999999999997,39.200000000000003,0.0,0.89000000000000001,1.0|35.299999999999997,39.0,0.0,0.88,1.0|36.700000000000003,38.899999999999999,0.0,0.89000000000000001,1.0|37.399999999999999,39.100000000000001,0.0,0.88,0.98999999999999999|37.899999999999999,39.399999999999999,0.0,0.88,0.98999999999999999|38.5,39.5,0.0,0.88,0.98999999999999999|39.0,39.799999999999997,0.0,0.88,0.98999999999999999|39.5,40.0,0.0,0.89000000000000001,1.0|40.100000000000001,40.5,0.0,0.88,0.98999999999999999|40.799999999999997,40.899999999999999,0.0,0.88,0.98999999999999999|41.5,41.299999999999997,0.0,0.88,0.98999999999999999|42.100000000000001,41.799999999999997,0.0,0.88,1.0|41.0,40.299999999999997,0.0,0.88,0.98999999999999999|39.5,38.799999999999997,0.0,0.88,0.98999999999999999|38.0,37.5,0.0,0.88,0.98999999999999999|36.5,36.299999999999997,0.0,0.88,0.98999999999999999|36.600000000000001,36.299999999999997,0.0,0.89000000000000001,1.0|36.899999999999999,36.200000000000003,0.0,0.89000000000000001,1.01|37.0,36.100000000000001,0.0,0.89000000000000001,1.02|37.200000000000003,36.100000000000001,0.0,0.90000000000000002,1.03|37.399999999999999,36.200000000000003,0.0,0.90000000000000002,1.04|37.600000000000001,36.299999999999997,0.0,0.91000000000000003,1.05
Zombie_neck.png|29.600000000000001,33.899999999999999,0.0,0.83999999999999997,0.80000000000000004|29.800000000000001,33.600000000000001,0.0,0.83999999999999997,0.80000000000000004|29.899999999999999,33.399999999999999,0.0,0.83999999999999997,0.80000000000000004|30.100000000000001,33.100000000000001,0.0,0.83999999999999997,0.80000000000000004|30.199999999999999,32.899999999999999,0.0,0.83999999999999997,0.80000000000000004|30.399999999999999,32.5,0.0,0.83999999999999997,0.80000000000000004|30.199999999999999,32.799999999999997,0.0,0.83999999999999997,0.80000000000000004|29.899999999999999,33.0,0.0,0.83999999999999997,0.80000000000000004|29.600000000000001,33.200000000000003,0.0,0.83999999999999997,0.80000000000000004|29.399999999999999,33.5,0.0,0.83999999999999997,0.80000000000000004|29.199999999999999,33.700000000000003,0.0,0.83999999999999997,0.80000000000000004|28.899999999999999,33.899999999999999,0.0,0.83999999999999997,0.80000000000000004|28.800000000000001,34.200000000000003,0.0,0.83999999999999997,0.80000000000000004|28.5,34.5,0.0,0.83999999999999997,0.80000000000000004|28.699999999999999,34.399999999999999,0.0,0.83999999999999997,0.80000000000000004|28.899999999999999,34.200000000000003,0.0,0.83999999999999997,0.80000000000000004|29.100000000000001,34.100000000000001,0.0,0.83999999999999997,0.80000000000000004|29.300000000000001,34.0,0.0,0.83999999999999997,0.80000000000000004|29.5,33.899999999999999,0.0,0.83999999999999997,0.80000000000000004|29.699999999999999,33.899999999999999,0.0,0.83999999999999997,0.80000000000000004|29.800000000000001,33.5,0.0,0.83999999999999997,0.80000000000000004|29.899999999999999,33.299999999999997,0.0,0.83999999999999997,0.80000000000000004|30.100000000000001,33.0,0.0,0.83999999999999997,0.80000000000000004|30.199999999999999,32.600000000000001,0.0,0.83999999999999997,0.80000000000000004|30.300000000000001,32.399999999999999,0.0,0.83999999999999997,0.80000000000000004|30.5,32.0,0.0,0.83999999999999997,0.80000000000000004|30.199999999999999,32.399999999999999,0.0,0.83999999999999997,0.80000000000000004|29.899999999999999,32.700000000000003,0.0,0.83999999999999997,0.80000000000000004|29.699999999999999,33.0,0.0,0.83999999999999997,0.80000000000000004|29.399999999999999,33.399999999999999,0.0,0.83999999999999997,0.80000000000000004|29.100000000000001,33.700000000000003,0.0,0.83999999999999997,0.80000000000000004|28.800000000000001,34.0,0.0,0.83999999999999997,0.80000000000000004|28.600000000000001,34.399999999999999,0.0,0.83999999999999997,0.80000000000000004|28.300000000000001,34.600000000000001,0.0,0.83999999999999997,0.80000000000000004|28.5,34.5,0.0,0.83999999999999997,0.80000000000000004|28.800000000000001,34.399999999999999,0.0,0.83999999999999997,0.80000000000000004|29.0,34.299999999999997,0.0,0.83999999999999997,0.80000000000000004|29.199999999999999,34.100000000000001,0.0,0.83999999999999997,0.80000000000000004|29.399999999999999,34.0,0.0,0.83999999999999997,0.80000000000000004|29.600000000000001,33.899999999999999,0.0,0.83999999999999997,0.80000000000000004
Zombie_head.png|6.7000000000000002,8.8000000000000007,0.0,0.80000000000000004,0.80000000000000004|7.2999999999999998,8.4000000000000004,0.0,0.79000000000000004,0.81000000000000005|8.0999999999999996,8.0,0.0,0.78000000000000003,0.81000000000000005|8.6999999999999993,7.7000000000000002,0.0,0.77000000000000002,0.81999999999999995|9.4000000000000004,7.2999999999999998,0.0,0.76000000000000001,0.81999999999999995|8.1999999999999993,7.7999999999999998,0.0,0.78000000000000003,0.81999999999999995|7.0,8.3000000000000007,0.0,0.79000000000000004,0.81000000000000005|5.7999999999999998,9.0,0.0,0.80000000000000004,0.80000000000000004|5.2000000000000002,9.5999999999999996,0.0,0.81000000000000005,0.80000000000000004|4.5999999999999996,10.1,0.0,0.81000000000000005,0.79000000000000004|4.0,10.699999999999999,0.0,0.81000000000000005,0.78000000000000003|3.2999999999999998,11.4,0.0,0.81999999999999995,0.78000000000000003|2.6000000000000001,11.9,0.0,0.81999999999999995,0.77000000000000002|2.0,12.6,0.0,0.82999999999999996,0.77000000000000002|2.7999999999999998,11.9,0.0,0.81999999999999995,0.77000000000000002|3.5,11.300000000000001,0.0,0.81999999999999995,0.78000000000000003|4.2999999999999998,10.699999999999999,0.0,0.81000000000000005,0.78000000000000003|5.0999999999999996,10.0,0.0,0.81000000000000005,0.79000000000000004|5.9000000000000004,9.4000000000000004,0.0,0.81000000000000005,0.80000000000000004|6.7000000000000002,8.8000000000000007,0.0,0.80000000000000004,0.80000000000000004|7.2000000000000002,8.5,0.0,0.79000000000000004,0.80000000000000004|7.7999999999999998,8.1999999999999993,0.0,0.79000000000000004,0.81000000000000005|8.3000000000000007,7.9000000000000004,0.0,0.78000000000000003,0.81000000000000005|8.9000000000000004,7.5999999999999996,0.0,0.77000000000000002,0.81999999999999995|9.4000000000000004,7.2999999999999998,0.0,0.76000000000000001,0.81999999999999995|8.1999999999999993,7.7999999999999998,0.0,0.78000000000000003,0.81999999999999995|7.0,8.3000000000000007,0.0,0.79000000000000004,0.81000000000000005|5.7999999999999998,9.0,0.0,0.80000000000000004,0.80000000000000004|5.2000000000000002,9.5999999999999996,0.0,0.81000000000000005,0.80000000000000004|4.5999999999999996,10.1,0.0,0.81000000000000005,0.79000000000000004|4.0,10.699999999999999,0.0,0.81000000000000005,0.78000000000000003|3.2999999999999998,11.4,0.0,0.81999999999999995,0.78000000000000003|2.6000000000000001,11.9,0.0,0.81999999999999995,0.77000000000000002|2.0,12.6,0.0,0.82999999999999996,0.77000000000000002|2.7999999999999998,11.9,0.0,0.81999999999999995,0.77000000000000002|3.5,11.300000000000001,0.0,0.81999999999999995,0.78000000000000003|4.2999999999999998,10.699999999999999,0.0,0.81000000000000005,0.78000000000000003|5.0999999999999996,10.0,0.0,0.81000000000000005,0.79000000000000004|5.9000000000000004,9.4000000000000004,0.0,0.81000000000000005,0.80000000000000004|6.7000000000000002,8.8000000000000007,0.0,0.80000000000000004,0.80000000000000004
Zombie_innerleg_upper.png|44.100000000000001,76.799999999999997,0.0,0.80000000000000004,0.80000000000000004|44.100000000000001,76.799999999999997,0.0,0.80000000000000004,0.80000000000000004|44.100000000000001,76.799999999999997,0.0,0.80000000000000004,0.80000000000000004|44.100000000000001,76.799999999999997,0.0,0.80000000000000004,0.80000000000000004|44.100000000000001,76.799999999999997,0.0,0.80000000000000004,0.80000000000000004|44.100000000000001,76.799999999999997,0.0,0.80000000000000004,0.80000000000000004|43.899999999999999,77.200000000000003,0.0,0.80000000000000004,0.80000000000000004|43.5,77.599999999999994,0.0,0.80000000000000004,0.80000000000000004|43.299999999999997,78.099999999999994,0.0,0.80000000000000004,0.80000000000000004|43.100000000000001,78.599999999999994,0.0,0.80000000000000004,0.80000000000000004|42.799999999999997,79.099999999999994,0.0,0.80000000000000004,0.80000000000000004|42.600000000000001,79.5,0.0,0.80000000000000004,0.80000000000000004|42.299999999999997,80.0,0.0,0.80000000000000004,0.80000000000000004|42.0,80.400000000000006,0.0,0.80000000000000004,0.80000000000000004|42.299999999999997,79.799999999999997,0.0,0.80000000000000004,0.80000000000000004|42.700000000000003,79.200000000000003,0.0,0.80000000000000004,0.80000000000000004|43.100000000000001,78.599999999999994,0.0,0.80000000000000004,0.80000000000000004|43.399999999999999,77.799999999999997,0.0,0.80000000000000004,0.80000000000000004|43.799999999999997,77.299999999999997,0.0,0.80000000000000004,0.80000000000000004|44.100000000000001,76.799999999999997,0.0,0.80000000000000004,0.80000000000000004|44.100000000000001,76.700000000000003,0.0,0.80000000000000004,0.80000000000000004|44.100000000000001,76.5,0.0,0.80000000000000004,0.81000000000000005|44.100000000000001,76.400000000000006,0.0,0.80000000000000004,0.81000000000000005|44.100000000000001,76.299999999999997,0.0,0.80000000000000004,0.81999999999999995|44.100000000000001,76.099999999999994,0.0,0.80000000000000004,0.81999999999999995|44.100000000000001,76.0,0.0,0.80000000000000004,0.82999999999999996|43.899999999999999,76.400000000000006,0.0,0.80000000000000004,0.82999999999999996|43.5,76.799999999999997,0.0,0.80000000000000004,0.82999999999999996|43.299999999999997,77.200000000000003,0.0,0.80000000000000004,0.83999999999999997|43.0,77.599999999999994,0.0,0.80000000000000004,0.83999999999999997|42.700000000000003,78.0,0.0,0.80000000000000004,0.84999999999999998|42.5,78.5,0.0,0.80000000000000004,0.84999999999999998|42.100000000000001,78.900000000000006,0.0,0.80000000000000004,0.84999999999999998|41.899999999999999,79.299999999999997,0.0,0.80000000000000004,0.85999999999999999|42.299999999999997,78.799999999999997,0.0,0.80000000000000004,0.84999999999999998|42.600000000000001,78.299999999999997,0.0,0.80000000000000004,0.83999999999999997|43.0,78.0,0.0,0.80000000000000004,0.82999999999999996|43.5,77.5,0.0,0.80000000000000004,0.81999999999999995|43.799999999999997,77.200000000000003,0.0,0.80000000000000004,0.81000000000000005|44.100000000000001,76.799999999999997,0.0,0.80000000000000004,0.80000000000000004
Zombie_innerleg_lower.png|31.600000000000001,90.299999999999997,0.0,0.80000000000000004,0.80000000000000004|31.600000000000001,90.299999999999997,0.0,0.80000000000000004,0.80000000000000004|31.600000000000001,90.299999999999997,0.0,0.80000000000000004,0.80000000000000004|31.600000000000001,90.299999999999997,0.0,0.80000000000000004,0.80000000000000004|31.600000000000001,90.299999999999997,0.0,0.80000000000000004,0.80000000000000004|31.600000000000001,90.299999999999997,0.0,0.80000000000000004,0.80000000000000004|32.0,90.200000000000003,0.0,0.80000000000000004,0.80000000000000004|32.299999999999997,90.099999999999994,0.0,0.80000000000000004,0.80000000000000004|32.600000000000001,90.0,0.0,0.80000000000000004,0.80000000000000004|33.0,89.900000000000006,0.0,0.80000000000000004,0.80000000000000004|33.399999999999999,89.799999999999997,0.0,0.80000000000000004,0.80000000000000004|33.799999999999997,89.799999999999997,0.0,0.80000000000000004,0.80000000000000004|34.100000000000001,89.799999999999997,0.0,0.80000000000000004,0.80000000000000004|34.600000000000001,89.599999999999994,0.0,0.80000000000000004,0.80000000000000004|34.0,89.799999999999997,0.0,0.80000000000000004,0.80000000000000004|33.5,89.799999999999997,0.0,0.80000000000000004,0.80000000000000004|33.0,89.900000000000006,0.0,0.80000000000000004,0.80000000000000004|32.600000000000001,90.099999999999994,0.0,0.80000000000000004,0.80000000000000004|32.0,90.099999999999994,0.0,0.80000000000000004,0.80000000000000004|31.600000000000001,90.299999999999997,0.0,0.80000000000000004,0.80000000000000004|31.600000000000001,90.299999999999997,0.0,0.80000000000000004,0.80000000000000004|31.600000000000001,90.299999999999997,0.0,0.80000000000000004,0.80000000000000004|31.600000000000001,90.299999999999997,0.0,0.80000000000000004,0.80000000000000004|31.600000000000001,90.299999999999997,0.0,0.80000000000000004,0.80000000000000004|31.600000000000001,90.299999999999997,0.0,0.80000000000000004,0.80000000000000004|31.600000000000001,90.299999999999997,0.0,0.80000000000000004,0.80000000000000004|32.0,90.200000000000003,0.0,0.80000000000000004,0.80000000000000004|32.299999999999997,90.099999999999994,0.0,0.80000000000000004,0.80000000000000004|32.600000000000001,90.0,0.0,0.80000000000000004,0.80000000000000004|33.0,89.900000000000006,0.0,0.80000000000000004,0.80000000000000004|33.399999999999999,89.799999999999997,0.0,0.80000000000000004,0.80000000000000004|33.799999999999997,89.799999999999997,0.0,0.80000000000000004,0.80000000000000004|34.100000000000001,89.799999999999997,0.0,0.80000000000000004,0.80000000000000004|34.600000000000001,89.599999999999994,0.0,0.80000000000000004,0.80000000000000004|34.0,89.799999999999997,0.0,0.80000000000000004,0.80000000000000004|33.5,89.799999999999997,0.0,0.80000000000000004,0.80000000000000004|33.0,89.900000000000006,0.0,0.80000000000000004,0.80000000000000004|32.600000000000001,90.099999999999994,0.0,0.80000000000000004,0.80000000000000004|32.0,90.099999999999994,0.0,0.80000000000000004,0.80000000000000004|31.600000000000001,90.299999999999997,0.0,0.80000000000000004,0.80000000000000004
Zombie_innerleg_foot.png|35.299999999999997,105.8,0.0,0.80000000000000004,0.80000000000000004|35.299999999999997,105.8,0.0,0.80000000000000004,0.80000000000000004|35.299999999999997,105.8,0.0,0.80000000000000004,0.80000000000000004|35.299999999999997,105.8,0.0,0.80000000000000004,0.80000000000000004|35.299999999999997,105.8,0.0,0.80000000000000004,0.80000000000000004|35.299999999999997,105.8,0.0,0.80000000000000004,0.80000000000000004|35.299999999999997,105.8,0.0,0.80000000000000004,0.80000000000000004|35.299999999999997,105.8,0.0,0.80000000000000004,0.80000000000000004|35.299999999999997,105.8,0.0,0.80000000000000004,0.80000000000000004|35.299999999999997,105.8,0.0,0.80000000000000004,0.80000000000000004|35.299999999999997,105.8,0.0,0.80000000000000004,0.80000000000000004|35.299999999999997,105.8,0.0,0.80000000000000004,0.80000000000000004|35.299999999999997,105.8,0.0,0.80000000000000004,0.80000000000000004|35.299999999999997,105.8,0.0,0.80000000000000004,0.80000000000000004|35.299999999999997,105.8,0.0,0.80000000000000004,0.80000000000000004|35.299999999999997,105.8,0.0,0.80000000000000004,0.80000000000000004|35.299999999999997,105.8,0.0,0.80000000000000004,0.80000000000000004|35.299999999999997,105.8,0.0,0.80000000000000004,0.80000000000000004|35.299999999999997,105.8,0.0,0.80000000000000004,0.80000000000000004|35.299999999999997,105.8,0.0,0.80000000000000004,0.80000000000000004|35.299999999999997,105.8,0.0,0.80000000000000004,0.80000000000000004|35.299999999999997,105.8,0.0,0.80000000000000004,0.80000000000000004|35.299999999999997,105.8,0.0,0.80000000000000004,0.80000000000000004|35.299999999999997,105.8,0.0,0.80000000000000004,0.80000000000000004|35.299999999999997,105.8,0.0,0.80000000000000004,0.80000000000000004|35.299999999999997,105.8,0.0,0.80000000000000004,0.80000000000000004|35.299999999999997,105.8,0.0,0.80000000000000004,0.80000000000000004|35.299999999999997,105.8,0.0,0.80000000000000004,0.80000000000000004|35.299999999999997,105.8,0.0,0.80000000000000004,0.80000000000000004|35.299999999999997,105.8,0.0,0.80000000000000004,0.80000000000000004|35.299999999999997,105.8,0.0,0.80000000000000004,0.80000000000000004|35.299999999999997,105.8,0.0,0.80000000000000004,0.80000000000000004|35.299999999999997,105.8,0.0,0.80000000000000004,0.80000000000000004|35.299999999999997,105.8,0.0,0.80000000000000004,0.80000000000000004|35.299999999999997,105.8,0.0,0.80000000000000004,0.80000000000000004|35.299999999999997,105.8,0.0,0.80000000000000004,0.80000000000000004|35.299999999999997,105.8,0.0,0.80000000000000004,0.80000000000000004|35.299999999999997,105.8,0.0,0.80000000000000004,0.80000000000000004|35.299999999999997,105.8,0.0,0.80000000000000004,0.80000000000000004|35.299999999999997,105.8,0.0,0.80000000000000004,0.80000000000000004
Zombie_outerleg_upper.png|54.799999999999997,67.799999999999997,0.0,0.80000000000000004,0.80000000000000004|54.799999999999997,67.799999999999997,0.0,0.80000000000000004,0.80000000000000004|54.799999999999997,67.799999999999997,0.0,0.80000000000000004,0.80000000000000004|54.799999999999997,67.799999999999997,0.0,0.80000000000000004,0.80000000000000004|54.799999999999997,67.799999999999997,0.0,0.80000000000000004,0.80000000000000004|54.799999999999997,67.799999999999997,0.0,0.80000000000000004,0.80000000000000004|54.799999999999997,67.700000000000003,0.0,0.80000000000000004,0.81000000000000005|54.899999999999999,67.599999999999994,0.0,0.80000000000000004,0.81000000000000005|54.899999999999999,67.299999999999997,0.0,0.80000000000000004,0.81999999999999995|55.0,67.200000000000003,0.0,0.80000000000000004,0.82999999999999996|55.0,66.900000000000006,0.0,0.80000000000000004,0.82999999999999996|55.0,66.799999999999997,0.0,0.80000000000000004,0.83999999999999997|55.100000000000001,66.700000000000003,0.0,0.80000000000000004,0.83999999999999997|55.299999999999997,66.400000000000006,0.0,0.80000000000000004,0.84999999999999998|55.100000000000001,66.700000000000003,0.0,0.80000000000000004,0.83999999999999997|55.0,66.799999999999997,0.0,0.80000000000000004,0.82999999999999996|55.0,67.0,0.0,0.80000000000000004,0.82999999999999996|54.899999999999999,67.299999999999997,0.0,0.80000000000000004,0.81999999999999995|54.899999999999999,67.599999999999994,0.0,0.80000000000000004,0.81000000000000005|54.799999999999997,67.799999999999997,0.0,0.80000000000000004,0.80000000000000004|54.799999999999997,67.799999999999997,0.0,0.80000000000000004,0.80000000000000004|54.799999999999997,67.799999999999997,0.0,0.80000000000000004,0.80000000000000004|54.799999999999997,67.799999999999997,0.0,0.80000000000000004,0.80000000000000004|54.799999999999997,67.799999999999997,0.0,0.80000000000000004,0.80000000000000004|54.799999999999997,67.799999999999997,0.0,0.80000000000000004,0.80000000000000004|54.799999999999997,67.799999999999997,0.0,0.80000000000000004,0.80000000000000004|54.799999999999997,67.700000000000003,0.0,0.80000000000000004,0.81000000000000005|54.899999999999999,67.599999999999994,0.0,0.80000000000000004,0.81000000000000005|54.899999999999999,67.299999999999997,0.0,0.80000000000000004,0.81999999999999995|55.0,67.200000000000003,0.0,0.80000000000000004,0.82999999999999996|55.0,66.900000000000006,0.0,0.80000000000000004,0.82999999999999996|55.0,66.799999999999997,0.0,0.80000000000000004,0.83999999999999997|55.100000000000001,66.700000000000003,0.0,0.80000000000000004,0.83999999999999997|55.299999999999997,66.400000000000006,0.0,0.80000000000000004,0.84999999999999998|55.100000000000001,66.700000000000003,0.0,0.80000000000000004,0.83999999999999997|55.0,66.799999999999997,0.0,0.80000000000000004,0.82999999999999996|55.0,67.0,0.0,0.80000000000000004,0.82999999999999996|54.899999999999999,67.299999999999997,0.0,0.80000000000000004,0.81999999999999995|54.899999999999999,67.599999999999994,0.0,0.80000000000000004,0.81000000000000005|54.799999999999997,67.799999999999997,0.0,0.80000000000000004,0.80000000000000004
Zombie_outerleg_foot.png|44.600000000000001,109.3,0.0,0.80000000000000004,0.80000000000000004|44.600000000000001,109.3,0.0,0.80000000000000004,0.80000000000000004|44.600000000000001,109.3,0.0,0.80000000000000004,0.80000000000000004|44.600000000000001,109.3,0.0,0.80000000000000004,0.80000000000000004|44.600000000000001,109.3,0.0,0.80000000000000004,0.80000000000000004|44.600000000000001,109.3,0.0,0.80000000000000004,0.80000000000000004|44.5,109.40000000000001,0.0,0.80000000000000004,0.80000000000000004|44.5,109.59999999999999,0.0,0.80000000000000004,0.80000000000000004|44.399999999999999,109.7,0.0,0.80000000000000004,0.80000000000000004|44.299999999999997,109.7,0.0,0.80000000000000004,0.80000000000000004|44.299999999999997,109.7,0.0,0.80000000000000004,0.80000000000000004|44.100000000000001,109.90000000000001,0.0,0.80000000000000004,0.80000000000000004|44.0,110.0,0.0,0.80000000000000004,0.80000000000000004|44.0,110.09999999999999,0.0,0.80000000000000004,0.80000000000000004|44.100000000000001,109.90000000000001,0.0,0.80000000000000004,0.80000000000000004|44.299999999999997,109.8,0.0,0.80000000000000004,0.80000000000000004|44.399999999999999,109.7,0.0,0.80000000000000004,0.80000000000000004|44.5,109.59999999999999,0.0,0.80000000000000004,0.80000000000000004|44.600000000000001,109.5,0.0,0.80000000000000004,0.80000000000000004|44.600000000000001,109.3,0.0,0.80000000000000004,0.80000000000000004|44.600000000000001,109.3,0.0,0.80000000000000004,0.80000000000000004|44.600000000000001,109.3,0.0,0.80000000000000004,0.80000000000000004|44.600000000000001,109.3,0.0,0.80000000000000004,0.80000000000000004|44.600000000000001,109.3,0.0,0.80000000000000004,0.80000000000000004|44.600000000000001,109.3,0.0,0.80000000000000004,0.80000000000000004|44.600000000000001,109.3,0.0,0.80000000000000004,0.80000000000000004|44.5,109.40000000000001,0.0,0.80000000000000004,0.80000000000000004|44.5,109.59999999999999,0.0,0.80000000000000004,0.80000000000000004|44.399999999999999,109.7,0.0,0.80000000000000004,0.80000000000000004|44.299999999999997,109.7,0.0,0.80000000000000004,0.80000000000000004|44.299999999999997,109.7,0.0,0.80000000000000004,0.80000000000000004|44.100000000000001,109.90000000000001,0.0,0.80000000000000004,0.80000000000000004|44.0,110.0,0.0,0.80000000000000004,0.80000000000000004|44.0,110.09999999999999,0.0,0.80000000000000004,0.80000000000000004|44.100000000000001,109.90000000000001,0.0,0.80000000000000004,0.80000000000000004|44.299999999999997,109.8,0.0,0.80000000000000004,0.80000000000000004|44.399999999999999,109.7,0.0,0.80000000000000004,0.80000000000000004|44.5,109.59999999999999,0.0,0.80000000000000004,0.80000000000000004|44.600000000000001,109.5,0.0,0.80000000000000004,0.80000000000000004|44.600000000000001,109.3,0.0,0.80000000000000004,0.80000000000000004
Zombie_outerleg_lower.png|60.399999999999999,93.599999999999994,0.0,0.80000000000000004,0.80000000000000004|60.399999999999999,93.599999999999994,0.0,0.80000000000000004,0.80000000000000004|60.399999999999999,93.599999999999994,0.0,0.80000000000000004,0.80000000000000004|60.399999999999999,93.599999999999994,0.0,0.80000000000000004,0.80000000000000004|60.399999999999999,93.599999999999994,0.0,0.80000000000000004,0.80000000000000004|60.399999999999999,93.599999999999994,0.0,0.80000000000000004,0.80000000000000004|60.0,93.599999999999994,0.0,0.80000000000000004,0.80000000000000004|59.600000000000001,93.700000000000003,0.0,0.80000000000000004,0.80000000000000004|59.299999999999997,93.799999999999997,0.0,0.80000000000000004,0.80000000000000004|58.899999999999999,94.0,0.0,0.80000000000000004,0.80000000000000004|58.600000000000001,94.0,0.0,0.80000000000000004,0.80000000000000004|58.100000000000001,94.099999999999994,0.0,0.80000000000000004,0.80000000000000004|57.799999999999997,94.299999999999997,0.0,0.80000000000000004,0.80000000000000004|57.399999999999999,94.299999999999997,0.0,0.80000000000000004,0.80000000000000004|57.899999999999999,94.200000000000003,0.0,0.80000000000000004,0.80000000000000004|58.399999999999999,94.099999999999994,0.0,0.80000000000000004,0.80000000000000004|58.899999999999999,93.900000000000006,0.0,0.80000000000000004,0.80000000000000004|59.399999999999999,93.799999999999997,0.0,0.80000000000000004,0.80000000000000004|59.899999999999999,93.599999999999994,0.0,0.80000000000000004,0.80000000000000004|60.399999999999999,93.599999999999994,0.0,0.80000000000000004,0.80000000000000004|60.399999999999999,93.599999999999994,0.0,0.80000000000000004,0.80000000000000004|60.399999999999999,93.599999999999994,0.0,0.80000000000000004,0.80000000000000004|60.399999999999999,93.599999999999994,0.0,0.80000000000000004,0.80000000000000004|60.399999999999999,93.599999999999994,0.0,0.80000000000000004,0.80000000000000004|60.399999999999999,93.599999999999994,0.0,0.80000000000000004,0.80000000000000004|60.399999999999999,93.599999999999994,0.0,0.80000000000000004,0.80000000000000004|60.0,93.599999999999994,0.0,0.80000000000000004,0.80000000000000004|59.600000000000001,93.700000000000003,0.0,0.80000000000000004,0.80000000000000004|59.299999999999997,93.799999999999997,0.0,0.80000000000000004,0.80000000000000004|58.899999999999999,94.0,0.0,0.80000000000000004,0.80000000000000004|58.600000000000001,94.0,0.0,0.80000000000000004,0.80000000000000004|58.100000000000001,94.099999999999994,0.0,0.80000000000000004,0.80000000000000004|57.799999999999997,94.299999999999997,0.0,0.80000000000000004,0.80000000000000004|57.399999999999999,94.299999999999997,0.0,0.80000000000000004,0.80000000000000004|57.899999999999999,94.200000000000003,0.0,0.80000000000000004,0.80000000000000004|58.399999999999999,94.099999999999994,0.0,0.80000000000000004,0.80000000000000004|58.899999999999999,93.900000000000006,0.0,0.80000000000000004,0.80000000000000004|59.399999999999999,93.799999999999997,0.0,0.80000000000000004,0.80000000000000004|59.899999999999999,93.599999999999994,0.0,0.80000000000000004,0.80000000000000004|60.399999999999999,93.599999999999994,0.0,0.80000000000000004,0.80000000000000004
Zombie_body.png|28.899999999999999,33.799999999999997,0.0,0.80000000000000004,0.80000000000000004|29.199999999999999,33.399999999999999,0.0,0.80000000000000004,0.80000000000000004|29.399999999999999,32.899999999999999,0.0,0.80000000000000004,0.80000000000000004|29.699999999999999,32.600000000000001,0.0,0.80000000000000004,0.80000000000000004|29.899999999999999,32.100000000000001,0.0,0.80000000000000004,0.80000000000000004|30.300000000000001,31.699999999999999,0.0,0.80000000000000004,0.80000000000000004|29.899999999999999,32.0,0.0,0.80000000000000004,0.80000000000000004|29.699999999999999,32.299999999999997,0.0,0.80000000000000004,0.80000000000000004|29.300000000000001,32.600000000000001,0.0,0.80000000000000004,0.80000000000000004|29.100000000000001,33.0,0.0,0.80000000000000004,0.80000000000000004|28.699999999999999,33.399999999999999,0.0,0.80000000000000004,0.80000000000000004|28.399999999999999,33.600000000000001,0.0,0.80000000000000004,0.80000000000000004|28.199999999999999,34.0,0.0,0.80000000000000004,0.80000000000000004|27.899999999999999,34.399999999999999,0.0,0.80000000000000004,0.80000000000000004|28.100000000000001,34.299999999999997,0.0,0.80000000000000004,0.80000000000000004|28.300000000000001,34.200000000000003,0.0,0.80000000000000004,0.80000000000000004|28.399999999999999,34.100000000000001,0.0,0.80000000000000004,0.80000000000000004|28.600000000000001,34.0,0.0,0.80000000000000004,0.80000000000000004|28.800000000000001,34.0,0.0,0.80000000000000004,0.80000000000000004|28.899999999999999,33.799999999999997,0.0,0.80000000000000004,0.80000000000000004|29.100000000000001,33.5,0.0,0.80000000000000004,0.80000000000000004|29.300000000000001,33.100000000000001,0.0,0.80000000000000004,0.80000000000000004|29.600000000000001,32.799999999999997,0.0,0.80000000000000004,0.80000000000000004|29.800000000000001,32.399999999999999,0.0,0.80000000000000004,0.80000000000000004|30.100000000000001,32.0,0.0,0.80000000000000004,0.80000000000000004|30.300000000000001,31.699999999999999,0.0,0.80000000000000004,0.80000000000000004|29.800000000000001,32.100000000000001,0.0,0.80000000000000004,0.80000000000000004|29.399999999999999,32.5,0.0,0.80000000000000004,0.80000000000000004|29.0,33.0,0.0,0.80000000000000004,0.80000000000000004|28.600000000000001,33.5,0.0,0.80000000000000004,0.80000000000000004|28.300000000000001,34.0,0.0,0.80000000000000004,0.80000000000000004|27.899999999999999,34.399999999999999,0.0,0.80000000000000004,0.80000000000000004|27.5,34.899999999999999,0.0,0.80000000000000004,0.80000000000000004|27.199999999999999,35.5,0.0,0.80000000000000004,0.80000000000000004|27.5,35.200000000000003,0.0,0.80000000000000004,0.80000000000000004|27.800000000000001,34.899999999999999,0.0,0.80000000000000004,0.80000000000000004|28.100000000000001,34.600000000000001,0.0,0.80000000000000004,0.80000000000000004|28.399999999999999,34.5,0.0,0.80000000000000004,0.80000000000000004|28.699999999999999,34.100000000000001,0.0,0.80000000000000004,0.80000000000000004|28.899999999999999,33.799999999999997,0.0,0.80000000000000004,0.80000000000000004
Zombie_tie.png|23.800000000000001,50.899999999999999,0.0,0.80000000000000004,0.80000000000000004|24.100000000000001,50.899999999999999,0.0,0.80000000000000004,0.80000000000000004|24.300000000000001,50.899999999999999,0.0,0.80000000000000004,0.80000000000000004|24.399999999999999,50.899999999999999,0.0,0.80000000000000004,0.80000000000000004|24.600000000000001,50.899999999999999,0.0,0.80000000000000004,0.80000000000000004|24.800000000000001,50.899999999999999,0.0,0.80000000000000004,0.80000000000000004|24.800000000000001,51.100000000000001,0.0,0.80000000000000004,0.80000000000000004|24.800000000000001,51.399999999999999,0.0,0.80000000000000004,0.81000000000000005|24.699999999999999,51.799999999999997,0.0,0.80000000000000004,0.81000000000000005|24.699999999999999,52.0,0.0,0.80000000000000004,0.81999999999999995|24.600000000000001,52.399999999999999,0.0,0.80000000000000004,0.81999999999999995|24.600000000000001,52.600000000000001,0.0,0.80000000000000004,0.82999999999999996|24.5,53.0,0.0,0.80000000000000004,0.82999999999999996|24.5,53.100000000000001,0.0,0.80000000000000004,0.83999999999999997|24.300000000000001,52.700000000000003,0.0,0.80000000000000004,0.82999999999999996|24.300000000000001,52.299999999999997,0.0,0.80000000000000004,0.82999999999999996|24.199999999999999,51.899999999999999,0.0,0.80000000000000004,0.81999999999999995|24.100000000000001,51.5,0.0,0.80000000000000004,0.81000000000000005|24.100000000000001,51.0,0.0,0.80000000000000004,0.81000000000000005|23.800000000000001,50.899999999999999,0.0,0.80000000000000004,0.80000000000000004|24.0,50.899999999999999,0.0,0.80000000000000004,0.80000000000000004|24.100000000000001,50.899999999999999,0.0,0.80000000000000004,0.80000000000000004|24.300000000000001,50.899999999999999,0.0,0.80000000000000004,0.80000000000000004|24.399999999999999,50.899999999999999,0.0,0.80000000000000004,0.80000000000000004|24.5,50.899999999999999,0.0,0.80000000000000004,0.80000000000000004|24.800000000000001,50.899999999999999,0.0,0.80000000000000004,0.80000000000000004|24.800000000000001,51.100000000000001,0.0,0.80000000000000004,0.80000000000000004|24.800000000000001,51.399999999999999,0.0,0.80000000000000004,0.81000000000000005|24.699999999999999,51.799999999999997,0.0,0.80000000000000004,0.81000000000000005|24.699999999999999,52.0,0.0,0.80000000000000004,0.81999999999999995|24.600000000000001,52.399999999999999,0.0,0.80000000000000004,0.81999999999999995|24.600000000000001,52.600000000000001,0.0,0.80000000000000004,0.82999999999999996|24.5,53.0,0.0,0.80000000000000004,0.82999999999999996|24.5,53.100000000000001,0.0,0.80000000000000004,0.83999999999999997|24.300000000000001,52.700000000000003,0.0,0.80000000000000004,0.82999999999999996|24.300000000000001,52.299999999999997,0.0,0.80000000000000004,0.82999999999999996|24.199999999999999,51.899999999999999,0.0,0.80000000000000004,0.81999999999999995|24.100000000000001,51.5,0.0,0.80000000000000004,0.81000000000000005|24.100000000000001,51.0,0.0,0.80000000000000004,0.81000000000000005|23.800000000000001,50.899999999999999,0.0,0.80000000000000004,0.80000000000000004
Zombie_jaw.png|13.5,40.600000000000001,0.0,0.80000000000000004,0.80000000000000004|14.4,40.600000000000001,0.0,0.80000000000000004,0.81999999999999995|15.4,40.700000000000003,0.0,0.81000000000000005,0.83999999999999997|16.399999999999999,40.899999999999999,0.0,0.81000000000000005,0.85999999999999999|17.5,41.100000000000001,0.0,0.81999999999999995,0.88|14.699999999999999,41.100000000000001,0.0,0.83999999999999997,0.85999999999999999|11.800000000000001,41.0,0.0,0.85999999999999999,0.82999999999999996|8.6999999999999993,41.200000000000003,0.0,0.88,0.80000000000000004|8.1999999999999993,41.399999999999999,0.0,0.87,0.80000000000000004|7.7999999999999998,41.5,0.0,0.85999999999999999,0.80000000000000004|7.2999999999999998,41.899999999999999,0.0,0.84999999999999998,0.80000000000000004|6.7000000000000002,42.5,0.0,0.83999999999999997,0.81000000000000005|6.0999999999999996,42.899999999999999,0.0,0.82999999999999996,0.81000000000000005|5.5999999999999996,43.600000000000001,0.0,0.81999999999999995,0.81999999999999995|7.9000000000000004,42.700000000000003,0.0,0.79000000000000004,0.81000000000000005|10.1,42.100000000000001,0.0,0.76000000000000001,0.81000000000000005|12.300000000000001,41.399999999999999,0.0,0.72999999999999998,0.81000000000000005|12.6,41.100000000000001,0.0,0.75,0.81000000000000005|13.1,40.899999999999999,0.0,0.78000000000000003,0.80000000000000004|13.5,40.600000000000001,0.0,0.80000000000000004,0.80000000000000004|14.199999999999999,40.600000000000001,0.0,0.80000000000000004,0.81999999999999995|15.1,40.700000000000003,0.0,0.81000000000000005,0.82999999999999996|15.9,40.899999999999999,0.0,0.81000000000000005,0.84999999999999998|16.600000000000001,40.799999999999997,0.0,0.81000000000000005,0.87|17.5,41.100000000000001,0.0,0.81999999999999995,0.88|14.699999999999999,41.100000000000001,0.0,0.83999999999999997,0.85999999999999999|11.800000000000001,41.0,0.0,0.85999999999999999,0.82999999999999996|8.6999999999999993,41.200000000000003,0.0,0.88,0.80000000000000004|8.1999999999999993,41.399999999999999,0.0,0.87,0.80000000000000004|7.7999999999999998,41.5,0.0,0.85999999999999999,0.80000000000000004|7.2999999999999998,41.899999999999999,0.0,0.84999999999999998,0.80000000000000004|6.7000000000000002,42.5,0.0,0.83999999999999997,0.81000000000000005|6.0999999999999996,42.899999999999999,0.0,0.82999999999999996,0.81000000000000005|5.5999999999999996,43.600000000000001,0.0,0.81999999999999995,0.81999999999999995|7.9000000000000004,42.700000000000003,0.0,0.79000000000000004,0.81000000000000005|10.1,42.100000000000001,0.0,0.76000000000000001,0.81000000000000005|12.300000000000001,41.399999999999999,0.0,0.72999999999999998,0.81000000000000005|12.6,41.100000000000001,0.0,0.75,0.81000000000000005|13.1,40.899999999999999,0.0,0.78000000000000003,0.80000000000000004|13.5,40.600000000000001,0.0,0.80000000000000004,0.80000000000000004
Zombie_tongue.png|20.399999999999999,43.0,0.0,0.80000000000000004,0.67000000000000004|20.399999999999999,43.0,0.0,0.80000000000000004,0.67000000000000004|20.399999999999999,43.0,0.0,0.80000000000000004,0.67000000000000004|20.399999999999999,43.0,0.0,0.80000000000000004,0.67000000000000004|20.399999999999999,43.0,0.0,0.80000000000000004,0.67000000000000004|20.399999999999999,43.0,0.0,0.80000000000000004,0.67000000000000004|20.399999999999999,43.0,0.0,0.80000000000000004,0.67000000000000004|20.399999999999999,43.0,0.0,0.80000000000000004,0.67000000000000004|20.399999999999999,43.0,0.0,0.80000000000000004,0.67000000000000004|20.399999999999999,43.0,0.0,0.80000000000000004,0.67000000000000004|20.399999999999999,43.0,0.0,0.80000000000000004,0.67000000000000004|20.399999999999999,43.0,0.0,0.80000000000000004,0.67000000000000004|20.399999999999999,43.0,0.0,0.80000000000000004,0.67000000000000004|20.399999999999999,43.0,0.0,0.80000000000000004,0.67000000000000004|20.399999999999999,43.0,0.0,0.80000000000000004,0.67000000000000004|20.399999999999999,43.0,0.0,0.80000000000000004,0.67000000000000004|20.399999999999999,43.0,0.0,0.80000000000000004,0.67000000000000004|20.399999999999999,43.0,0.0,0.80000000000000004,0.67000000000000004|20.399999999999999,43.0,0.0,0.80000000000000004,0.67000000000000004|20.399999999999999,43.0,0.0,0.80000000000000004,0.67000000000000004|20.399999999999999,43.0,0.0,0.80000000000000004,0.67000000000000004|20.399999999999999,43.0,0.0,0.80000000000000004,0.67000000000000004|20.399999999999999,43.0,0.0,0.80000000000000004,0.67000000000000004|20.399999999999999,43.0,0.0,0.80000000000000004,0.67000000000000004|20.399999999999999,43.0,0.0,0.80000000000000004,0.67000000000000004|20.399999999999999,43.0,0.0,0.80000000000000004,0.67000000000000004|20.399999999999999,43.0,0.0,0.80000000000000004,0.67000000000000004|20.399999999999999,43.0,0.0,0.80000000000000004,0.67000000000000004|20.399999999999999,43.0,0.0,0.80000000000000004,0.67000000000000004|20.399999999999999,43.0,0.0,0.80000000000000004,0.67000000000000004|20.399999999999999,43.0,0.0,0.80000000000000004,0.67000000000000004|20.399999999999999,43.0,0.0,0.80000000000000004,0.67000000000000004|20.399999999999999,43.0,0.0,0.80000000000000004,0.67000000000000004|20.399999999999999,43.0,0.0,0.80000000000000004,0.67000000000000004|20.399999999999999,43.0,0.0,0.80000000000000004,0.67000000000000004|20.399999999999999,43.0,0.0,0.80000000000000004,0.67000000000000004|20.399999999999999,43.0,0.0,0.80000000000000004,0.67000000000000004|20.399999999999999,43.0,0.0,0.80000000000000004,0.67000000000000004|20.399999999999999,43.0,0.0,0.80000000000000004,0.67000000000000004|20.399999999999999,43.0,0.0,0.80000000000000004,0.67000000000000004
Zombie_mustache1.png|4.5999999999999996,31.0,0.0,0.80000000000000004,0.80000000000000004|5.9000000000000004,30.399999999999999,0.0,0.79000000000000004,0.81000000000000005|7.4000000000000004,29.699999999999999,0.0,0.78000000000000003,0.81000000000000005|8.6999999999999993,29.199999999999999,0.0,0.77000000000000002,0.81999999999999995|10.1,28.600000000000001,0.0,0.76000000000000001,0.81999999999999995|7.7000000000000002,29.399999999999999,0.0,0.78000000000000003,0.81999999999999995|5.2999999999999998,30.199999999999999,0.0,0.79000000000000004,0.81000000000000005|2.7000000000000002,31.399999999999999,0.0,0.80000000000000004,0.80000000000000004|1.6000000000000001,32.399999999999999,0.0,0.81000000000000005,0.80000000000000004|0.40000000000000002,33.299999999999997,0.0,0.81000000000000005,0.79000000000000004|-0.79000000000000004,34.399999999999999,0.0,0.81000000000000005,0.78000000000000003|-2.0899999999999999,35.600000000000001,0.0,0.81999999999999995,0.78000000000000003|-3.3900000000000001,36.5,0.0,0.81999999999999995,0.77000000000000002|-4.4900000000000002,37.799999999999997,0.0,0.82999999999999996,0.77000000000000002|-2.9900000000000002,36.5,0.0,0.81999999999999995,0.77000000000000002|-1.5900000000000001,35.399999999999999,0.0,0.81999999999999995,0.78000000000000003|-0.089999999999999997,34.299999999999997,0.0,0.81000000000000005,0.78000000000000003|1.5,33.100000000000001,0.0,0.81000000000000005,0.79000000000000004|3.0,32.100000000000001,0.0,0.81000000000000005,0.80000000000000004|4.5999999999999996,31.0,0.0,0.80000000000000004,0.80000000000000004|5.5999999999999996,30.5,0.0,0.79000000000000004,0.80000000000000004|6.7999999999999998,30.100000000000001,0.0,0.79000000000000004,0.81000000000000005|7.9000000000000004,29.600000000000001,0.0,0.78000000000000003,0.81000000000000005|9.0,29.100000000000001,0.0,0.77000000000000002,0.81999999999999995|10.1,28.600000000000001,0.0,0.76000000000000001,0.81999999999999995|7.7000000000000002,29.399999999999999,0.0,0.78000000000000003,0.81999999999999995|5.2999999999999998,30.199999999999999,0.0,0.79000000000000004,0.81000000000000005|2.7000000000000002,31.399999999999999,0.0,0.80000000000000004,0.80000000000000004|1.6000000000000001,32.399999999999999,0.0,0.81000000000000005,0.80000000000000004|0.40000000000000002,33.299999999999997,0.0,0.81000000000000005,0.79000000000000004|-0.79000000000000004,34.399999999999999,0.0,0.81000000000000005,0.78000000000000003|-2.0899999999999999,35.600000000000001,0.0,0.81999999999999995,0.78000000000000003|-3.3900000000000001,36.5,0.0,0.81999999999999995,0.77000000000000002|-4.4900000000000002,37.799999999999997,0.0,0.82999999999999996,0.77000000000000002|-2.9900000000000002,36.5,0.0,0.81999999999999995,0.77000000000000002|-1.5900000000000001,35.399999999999999,0.0,0.81999999999999995,0.78000000000000003|-0.089999999999999997,34.299999999999997,0.0,0.81000000000000005,0.78000000000000003|1.5,33.100000000000001,0.0,0.81000000000000005,0.79000000000000004|3.0,32.100000000000001,0.0,0.81000000000000005,0.80000000000000004|4.5999999999999996,31.0,0.0,0.80000000000000004,0.80000000000000004
Zombie_outerarm_hand2.png|4.2000000000000002,36.600000000000001,0.0,0.80000000000000004,0.80000000000000004|5.5999999999999996,35.299999999999997,0.0,0.80000000000000004,0.80000000000000004|7.0,34.0,0.0,0.80000000000000004,0.80000000000000004|8.4000000000000004,32.600000000000001,0.0,0.79000000000000004,0.79000000000000004|9.9000000000000004,31.5,0.0,0.79000000000000004,0.79000000000000004|11.300000000000001,30.399999999999999,0.0,0.79000000000000004,0.79000000000000004|9.8000000000000007,31.0,0.0,0.79000000000000004,0.79000000000000004|8.4000000000000004,31.899999999999999,0.0,0.79000000000000004,0.79000000000000004|7.0999999999999996,32.899999999999999,0.0,0.79000000000000004,0.79000000000000004|6.0,34.200000000000003,0.0,0.79000000000000004,0.79000000000000004|4.9000000000000004,35.600000000000001,0.0,0.79000000000000004,0.79000000000000004|4.9000000000000004,36.399999999999999,0.0,0.79000000000000004,0.79000000000000004|4.7999999999999998,37.0,0.0,0.78000000000000003,0.78000000000000003|4.7000000000000002,37.600000000000001,0.0,0.78000000000000003,0.78000000000000003|4.5999999999999996,38.5,0.0,0.78000000000000003,0.78000000000000003|4.2000000000000002,39.0,0.0,0.78000000000000003,0.78000000000000003|3.1000000000000001,43.0,0.0,0.78000000000000003,0.78000000000000003|2.0,46.899999999999999,0.0,0.78000000000000003,0.78000000000000003|1.1000000000000001,50.799999999999997,0.0,0.78000000000000003,0.78000000000000003|0.10000000000000001,54.799999999999997,0.0,0.78000000000000003,0.78000000000000003|-0.58999999999999997,58.5,0.0,0.78000000000000003,0.78000000000000003|-1.0900000000000001,60.600000000000001,0.0,0.78000000000000003,0.78000000000000003|-1.3899999999999999,62.799999999999997,0.0,0.78000000000000003,0.78000000000000003|-1.6899999999999999,65.0,0.0,0.78000000000000003,0.78000000000000003|-1.99,67.200000000000003,0.0,0.78000000000000003,0.78000000000000003|-2.29,69.299999999999997,0.0,0.78000000000000003,0.78000000000000003|-2.1899999999999999,69.700000000000003,0.0,0.78000000000000003,0.78000000000000003|-2.0899999999999999,70.200000000000003,0.0,0.78000000000000003,0.78000000000000003|-1.99,70.5,0.0,0.78000000000000003,0.78000000000000003|-1.8899999999999999,70.900000000000006,0.0,0.78000000000000003,0.78000000000000003|-1.79,70.900000000000006,0.0,0.78000000000000003,0.78000000000000003|-1.6899999999999999,71.0,0.0,0.78000000000000003,0.78000000000000003|-1.5900000000000001,71.099999999999994,0.0,0.78000000000000003,0.78000000000000003|-1.5900000000000001,71.099999999999994,0.0,0.78000000000000003,0.78000000000000003|-1.5900000000000001,65.099999999999994,0.0,0.79000000000000004,0.79000000000000004|-1.1899999999999999,59.0,0.0,0.79000000000000004,0.79000000000000004|-0.39000000000000001,53.200000000000003,0.0,0.79000000000000004,0.79000000000000004|0.59999999999999998,47.5,0.0,0.79000000000000004,0.79000000000000004|2.2000000000000002,42.0,0.0,0.80000000000000004,0.80000000000000004|4.2000000000000002,36.600000000000001,0.0,0.80000000000000004,0.80000000000000004
Zombie_outerarm_upper.png|47.399999999999999,40.200000000000003,0.0,0.80000000000000004,0.80000000000000004|47.399999999999999,40.299999999999997,0.0,0.80000000000000004,0.80000000000000004|47.399999999999999,40.299999999999997,0.0,0.80000000000000004,0.80000000000000004|47.399999999999999,40.299999999999997,0.0,0.80000000000000004,0.80000000000000004|47.399999999999999,40.299999999999997,0.0,0.80000000000000004,0.80000000000000004|47.399999999999999,40.200000000000003,0.0,0.80000000000000004,0.80000000000000004|47.399999999999999,40.299999999999997,0.0,0.80000000000000004,0.80000000000000004|47.399999999999999,40.299999999999997,0.0,0.80000000000000004,0.80000000000000004|47.399999999999999,40.299999999999997,0.0,0.80000000000000004,0.80000000000000004|47.399999999999999,40.299999999999997,0.0,0.80000000000000004,0.80000000000000004|47.399999999999999,40.200000000000003,0.0,0.80000000000000004,0.80000000000000004|46.899999999999999,40.299999999999997,0.0,0.80000000000000004,0.80000000000000004|46.399999999999999,40.299999999999997,0.0,0.80000000000000004,0.80000000000000004|46.0,40.399999999999999,0.0,0.80000000000000004,0.80000000000000004|45.399999999999999,40.399999999999999,0.0,0.80000000000000004,0.80000000000000004|44.899999999999999,40.399999999999999,0.0,0.80000000000000004,0.80000000000000004|44.5,40.399999999999999,0.0,0.80000000000000004,0.80000000000000004|44.0,40.399999999999999,0.0,0.80000000000000004,0.80000000000000004|43.600000000000001,40.700000000000003,0.0,0.80000000000000004,0.80000000000000004|43.299999999999997,40.899999999999999,0.0,0.79000000000000004,0.79000000000000004|42.899999999999999,41.0,0.0,0.80000000000000004,0.80000000000000004|42.899999999999999,41.0,0.0,0.79000000000000004,0.79000000000000004|42.899999999999999,41.0,0.0,0.79000000000000004,0.79000000000000004|42.899999999999999,41.0,0.0,0.79000000000000004,0.79000000000000004|42.899999999999999,41.0,0.0,0.79000000000000004,0.79000000000000004|42.899999999999999,41.0,0.0,0.80000000000000004,0.80000000000000004|42.899999999999999,41.0,0.0,0.79000000000000004,0.79000000000000004|42.899999999999999,41.0,0.0,0.79000000000000004,0.79000000000000004|42.899999999999999,41.0,0.0,0.79000000000000004,0.79000000000000004|42.899999999999999,41.0,0.0,0.80000000000000004,0.80000000000000004|42.899999999999999,41.0,0.0,0.79000000000000004,0.79000000000000004|42.899999999999999,41.0,0.0,0.79000000000000004,0.79000000000000004|42.899999999999999,41.0,0.0,0.79000000000000004,0.79000000000000004|42.899999999999999,41.0,0.0,0.80000000000000004,0.80000000000000004|43.600000000000001,40.700000000000003,0.0,0.80000000000000004,0.80000000000000004|44.5,40.399999999999999,0.0,0.80000000000000004,0.80000000000000004|45.100000000000001,40.200000000000003,0.0,0.80000000000000004,0.80000000000000004|45.899999999999999,40.100000000000001,0.0,0.80000000000000004,0.80000000000000004|46.600000000000001,40.100000000000001,0.0,0.80000000000000004,0.80000000000000004|47.399999999999999,40.200000000000003,0.0,0.80000000000000004,0.80000000000000004
Zombie_outerarm_lower.png|37.399999999999999,50.600000000000001,0.0,0.80000000000000004,0.80000000000000004|37.600000000000001,51.0,0.0,0.80000000000000004,0.80000000000000004|37.799999999999997,51.399999999999999,0.0,0.80000000000000004,0.80000000000000004|38.0,51.899999999999999,0.0,0.80000000000000004,0.80000000000000004|38.100000000000001,52.299999999999997,0.0,0.80000000000000004,0.80000000000000004|38.399999999999999,52.799999999999997,0.0,0.80000000000000004,0.80000000000000004|38.899999999999999,53.200000000000003,0.0,0.80000000000000004,0.80000000000000004|39.5,53.700000000000003,0.0,0.79000000000000004,0.79000000000000004|40.200000000000003,54.100000000000001,0.0,0.79000000000000004,0.79000000000000004|40.700000000000003,54.700000000000003,0.0,0.79000000000000004,0.79000000000000004|41.299999999999997,55.100000000000001,0.0,0.79000000000000004,0.79000000000000004|41.700000000000003,55.600000000000001,0.0,0.79000000000000004,0.79000000000000004|41.799999999999997,56.399999999999999,0.0,0.79000000000000004,0.79000000000000004|42.0,57.200000000000003,0.0,0.79000000000000004,0.79000000000000004|42.0,58.100000000000001,0.0,0.79000000000000004,0.79000000000000004|42.299999999999997,58.899999999999999,0.0,0.79000000000000004,0.79000000000000004|42.399999999999999,59.600000000000001,0.0,0.79000000000000004,0.79000000000000004|42.299999999999997,58.600000000000001,0.0,0.79000000000000004,0.79000000000000004|41.799999999999997,57.5,0.0,0.79000000000000004,0.79000000000000004|40.700000000000003,56.600000000000001,0.0,0.79000000000000004,0.79000000000000004|39.100000000000001,56.100000000000001,0.0,0.79000000000000004,0.79000000000000004|37.100000000000001,55.799999999999997,0.0,0.79000000000000004,0.79000000000000004|36.700000000000003,55.899999999999999,0.0,0.79000000000000004,0.79000000000000004|36.299999999999997,56.100000000000001,0.0,0.79000000000000004,0.79000000000000004|35.899999999999999,56.200000000000003,0.0,0.79000000000000004,0.79000000000000004|35.299999999999997,56.399999999999999,0.0,0.79000000000000004,0.79000000000000004|34.799999999999997,56.5,0.0,0.79000000000000004,0.79000000000000004|34.799999999999997,56.5,0.0,0.79000000000000004,0.79000000000000004|34.799999999999997,56.5,0.0,0.79000000000000004,0.79000000000000004|34.799999999999997,56.5,0.0,0.79000000000000004,0.79000000000000004|34.799999999999997,56.5,0.0,0.79000000000000004,0.79000000000000004|34.799999999999997,56.5,0.0,0.79000000000000004,0.79000000000000004|34.799999999999997,56.5,0.0,0.79000000000000004,0.79000000000000004|34.799999999999997,56.5,0.0,0.79000000000000004,0.79000000000000004|34.799999999999997,56.5,0.0,0.79000000000000004,0.79000000000000004|35.600000000000001,55.0,0.0,0.79000000000000004,0.79000000000000004|36.5,53.700000000000003,0.0,0.79000000000000004,0.79000000000000004|37.0,52.5,0.0,0.80000000000000004,0.80000000000000004|37.399999999999999,51.5,0.0,0.80000000000000004,0.80000000000000004|37.399999999999999,50.600000000000001,0.0,0.80000000000000004,0.80000000000000004
Zombie_hair.png|2.6000000000000001,6.2000000000000002,0.0,0.80000000000000004,0.80000000000000004|3.6000000000000001,5.7000000000000002,0.0,0.79000000000000004,0.80000000000000004|4.9000000000000004,5.2000000000000002,0.0,0.79000000000000004,0.80000000000000004|6.0,4.7999999999999998,0.0,0.78000000000000003,0.80000000000000004|7.0,4.2999999999999998,0.0,0.78000000000000003,0.80000000000000004|6.2999999999999998,4.7000000000000002,0.0,0.77000000000000002,0.80000000000000004|4.4000000000000004,5.5999999999999996,0.0,0.78000000000000003,0.80000000000000004|2.3999999999999999,6.5999999999999996,0.0,0.78000000000000003,0.80000000000000004|0.90000000000000002,7.5999999999999996,0.0,0.79000000000000004,0.80000000000000004|-0.48999999999999999,8.5,0.0,0.79000000000000004,0.80000000000000004|-1.8899999999999999,9.4000000000000004,0.0,0.80000000000000004,0.80000000000000004|-3.0899999999999999,11.0,0.0,0.80000000000000004,0.80000000000000004|-4.1900000000000004,12.4,0.0,0.80000000000000004,0.80000000000000004|-5.4900000000000002,13.9,0.0,0.80000000000000004,0.80000000000000004|-5.1900000000000004,14.199999999999999,0.0,0.80000000000000004,0.80000000000000004|-3.79,13.199999999999999,0.0,0.80000000000000004,0.80000000000000004|-2.4900000000000002,12.300000000000001,0.0,0.80000000000000004,0.80000000000000004|-1.0900000000000001,10.5,0.0,0.80000000000000004,0.80000000000000004|0.40000000000000002,8.8000000000000007,0.0,0.80000000000000004,0.80000000000000004|1.8999999999999999,7.2000000000000002,0.0,0.80000000000000004,0.80000000000000004|3.1000000000000001,5.9000000000000004,0.0,0.80000000000000004,0.80000000000000004|4.0999999999999996,5.5,0.0,0.79000000000000004,0.80000000000000004|5.0999999999999996,5.0999999999999996,0.0,0.79000000000000004,0.80000000000000004|6.2000000000000002,4.7000000000000002,0.0,0.78000000000000003,0.80000000000000004|7.0,4.2999999999999998,0.0,0.78000000000000003,0.80000000000000004|6.2999999999999998,4.7000000000000002,0.0,0.77000000000000002,0.80000000000000004|4.4000000000000004,5.5999999999999996,0.0,0.78000000000000003,0.80000000000000004|2.3999999999999999,6.5999999999999996,0.0,0.78000000000000003,0.80000000000000004|0.90000000000000002,7.5999999999999996,0.0,0.79000000000000004,0.80000000000000004|-0.48999999999999999,8.5,0.0,0.79000000000000004,0.80000000000000004|-1.8899999999999999,9.4000000000000004,0.0,0.80000000000000004,0.80000000000000004|-3.0899999999999999,11.0,0.0,0.80000000000000004,0.80000000000000004|-4.1900000000000004,12.4,0.0,0.80000000000000004,0.80000000000000004|-5.4900000000000002,13.9,0.0,0.80000000000000004,0.80000000000000004|-5.1900000000000004,14.199999999999999,0.0,0.80000000000000004,0.80000000000000004|-3.79,13.199999999999999,0.0,0.80000000000000004,0.80000000000000004|-2.4900000000000002,12.300000000000001,0.0,0.80000000000000004,0.80000000000000004|-0.89000000000000001,10.1,0.0,0.80000000000000004,0.80000000000000004|0.90000000000000002,8.0999999999999996,0.0,0.80000000000000004,0.80000000000000004|2.6000000000000001,6.2000000000000002,0.0,0.80000000000000004,0.80000000000000004