fps=12
nFrame=47
Zombie_innerarm_hand.png|24.399999999999999,81.200000000000003,0.0,0.80000000000000004,0.80000000000000004|22.600000000000001,79.700000000000003,0.0,0.80000000000000004,0.80000000000000004|20.800000000000001,78.299999999999997,0.0,0.80000000000000004,0.80000000000000004|19.100000000000001,77.099999999999994,0.0,0.80000000000000004,0.80000000000000004|17.5,75.799999999999997,0.0,0.80000000000000004,0.80000000000000004|15.699999999999999,76.299999999999997,0.0,0.80000000000000004,0.80000000000000004|14.0,77.099999999999994,0.0,0.79000000000000004,0.79000000000000004|12.199999999999999,77.799999999999997,0.0,0.79000000000000004,0.79000000000000004|10.5,78.599999999999994,0.0,0.79000000000000004,0.79000000000000004|10.300000000000001,77.900000000000006,0.0,0.79000000000000004,0.79000000000000004|10.199999999999999,77.299999999999997,0.0,0.79000000000000004,0.79000000000000004|9.9000000000000004,76.599999999999994,0.0,0.79000000000000004,0.79000000000000004|9.6999999999999993,75.900000000000006,0.0,0.79000000000000004,0.79000000000000004|10.800000000000001,77.599999999999994,0.0,0.79000000000000004,0.79000000000000004|11.9,79.299999999999997,0.0,0.79000000000000004,0.79000000000000004|13.1,81.0,0.0,0.79000000000000004,0.79000000000000004|14.199999999999999,82.799999999999997,0.0,0.79000000000000004,0.79000000000000004|14.800000000000001,85.700000000000003,0.0,0.79000000000000004,0.79000000000000004|15.5,88.799999999999997,0.0,0.79000000000000004,0.79000000000000004|16.5,91.799999999999997,0.0,0.79000000000000004,0.79000000000000004|17.800000000000001,95.099999999999994,0.0,0.79000000000000004,0.79000000000000004|16.399999999999999,93.700000000000003,0.0,0.79000000000000004,0.79000000000000004|15.0,92.299999999999997,0.0,0.79000000000000004,0.79000000000000004|13.699999999999999,90.799999999999997,0.0,0.79000000000000004,0.79000000000000004|12.199999999999999,89.299999999999997,0.0,0.79000000000000004,0.79000000000000004|14.800000000000001,88.799999999999997,0.0,0.79000000000000004,0.79000000000000004|17.300000000000001,88.299999999999997,0.0,0.79000000000000004,0.79000000000000004|19.800000000000001,87.799999999999997,0.0,0.79000000000000004,0.79000000000000004|22.399999999999999,87.299999999999997,0.0,0.79000000000000004,0.79000000000000004|24.100000000000001,86.299999999999997,0.0,0.79000000000000004,0.79000000000000004|25.899999999999999,85.299999999999997,0.0,0.79000000000000004,0.79000000000000004|27.600000000000001,84.5,0.0,0.79000000000000004,0.79000000000000004|29.300000000000001,83.5,0.0,0.79000000000000004,0.79000000000000004|32.399999999999999,82.599999999999994,0.0,0.79000000000000004,0.79000000000000004|35.399999999999999,81.5,0.0,0.79000000000000004,0.79000000000000004|38.399999999999999,80.5,0.0,0.79000000000000004,0.79000000000000004|41.299999999999997,79.599999999999994,0.0,0.79000000000000004,0.79000000000000004|39.5,79.799999999999997,0.0,0.79000000000000004,0.79000000000000004|37.899999999999999,80.0,0.0,0.79000000000000004,0.79000000000000004|36.100000000000001,80.200000000000003,0.0,0.79000000000000004,0.79000000000000004|34.399999999999999,80.5,0.0,0.79000000000000004,0.79000000000000004|32.600000000000001,80.599999999999994,0.0,0.79000000000000004,0.79000000000000004|31.0,80.599999999999994,0.0,0.79000000000000004,0.79000000000000004|29.300000000000001,80.799999999999997,0.0,0.79000000000000004,0.79000000000000004|27.699999999999999,80.799999999999997,0.0,0.80000000000000004,0.80000000000000004|26.0,81.099999999999994,0.0,0.80000000000000004,0.80000000000000004|24.399999999999999,81.200000000000003,0.0,0.80000000000000004,0.80000000000000004
Zombie_innerarm_lower.png|23.800000000000001,67.099999999999994,0.0,0.80000000000000004,0.80000000000000004|21.899999999999999,66.299999999999997,0.0,0.80000000000000004,0.80000000000000004|20.199999999999999,65.799999999999997,0.0,0.80000000000000004,0.80000000000000004|18.300000000000001,65.099999999999994,0.0,0.80000000000000004,0.80000000000000004|16.5,64.5,0.0,0.80000000000000004,0.80000000000000004|16.199999999999999,64.299999999999997,0.0,0.80000000000000004,0.80000000000000004|15.699999999999999,64.299999999999997,0.0,0.80000000000000004,0.80000000000000004|15.300000000000001,64.099999999999994,0.0,0.80000000000000004,0.80000000000000004|14.800000000000001,63.899999999999999,0.0,0.80000000000000004,0.80000000000000004|14.9,63.299999999999997,0.0,0.80000000000000004,0.80000000000000004|14.9,62.700000000000003,0.0,0.80000000000000004,0.80000000000000004|14.9,62.0,0.0,0.80000000000000004,0.80000000000000004|14.800000000000001,61.5,0.0,0.80000000000000004,0.80000000000000004|15.5,63.100000000000001,0.0,0.80000000000000004,0.80000000000000004|16.0,64.599999999999994,0.0,0.80000000000000004,0.80000000000000004|16.699999999999999,66.200000000000003,0.0,0.80000000000000004,0.80000000000000004|17.300000000000001,67.700000000000003,0.0,0.80000000000000004,0.80000000000000004|17.399999999999999,69.299999999999997,0.0,0.80000000000000004,0.80000000000000004|17.5,70.799999999999997,0.0,0.80000000000000004,0.80000000000000004|17.5,72.400000000000006,0.0,0.80000000000000004,0.80000000000000004|17.699999999999999,73.900000000000006,0.0,0.80000000000000004,0.80000000000000004|16.800000000000001,73.0,0.0,0.80000000000000004,0.80000000000000004|15.9,72.099999999999994,0.0,0.80000000000000004,0.80000000000000004|14.800000000000001,71.200000000000003,0.0,0.80000000000000004,0.80000000000000004|13.800000000000001,70.400000000000006,0.0,0.80000000000000004,0.80000000000000004|15.9,69.799999999999997,0.0,0.79000000000000004,0.79000000000000004|18.0,69.099999999999994,0.0,0.79000000000000004,0.79000000000000004|20.100000000000001,68.5,0.0,0.79000000000000004,0.79000000000000004|22.100000000000001,67.900000000000006,0.0,0.79000000000000004,0.79000000000000004|23.600000000000001,67.400000000000006,0.0,0.79000000000000004,0.79000000000000004|25.100000000000001,66.900000000000006,0.0,0.79000000000000004,0.79000000000000004|26.699999999999999,66.299999999999997,0.0,0.79000000000000004,0.79000000000000004|28.199999999999999,65.799999999999997,0.0,0.79000000000000004,0.79000000000000004|31.100000000000001,65.700000000000003,0.0,0.79000000000000004,0.79000000000000004|33.899999999999999,65.599999999999994,0.0,0.79000000000000004,0.79000000000000004|36.899999999999999,65.5,0.0,0.79000000000000004,0.79000000000000004|39.5,65.299999999999997,0.0,0.79000000000000004,0.79000000000000004|38.5,65.5,0.0,0.79000000000000004,0.79000000000000004|37.399999999999999,65.700000000000003,0.0,0.79000000000000004,0.79000000000000004|36.399999999999999,65.799999999999997,0.0,0.79000000000000004,0.79000000000000004|35.399999999999999,66.200000000000003,0.0,0.79000000000000004,0.79000000000000004|33.399999999999999,66.299999999999997,0.0,0.79000000000000004,0.79000000000000004|31.5,66.5,0.0,0.80000000000000004,0.80000000000000004|29.600000000000001,66.599999999999994,0.0,0.80000000000000004,0.80000000000000004|27.600000000000001,66.599999999999994,0.0,0.80000000000000004,0.80000000000000004|25.699999999999999,66.799999999999997,0.0,0.80000000000000004,0.80000000000000004|23.800000000000001,67.099999999999994,0.0,0.80000000000000004,0.80000000000000004
Zombie_innerarm_upper.png|23.899999999999999,47.100000000000001,0.0,1.0,1.0|23.800000000000001,45.899999999999999,0.0,1.0,1.0|23.600000000000001,44.799999999999997,0.0,1.0,1.0|23.399999999999999,43.700000000000003,0.0,1.0,1.0|23.399999999999999,42.399999999999999,0.0,1.0,1.0|23.300000000000001,42.399999999999999,0.0,1.0,1.0|23.300000000000001,42.5,0.0,1.0,1.0|23.399999999999999,42.5,0.0,1.0,1.0|23.300000000000001,42.700000000000003,0.0,1.0,1.0|23.600000000000001,42.399999999999999,0.0,0.98999999999999999,0.98999999999999999|23.800000000000001,42.0,0.0,0.98999999999999999,0.98999999999999999|24.0,41.5,0.0,0.98999999999999999,0.98999999999999999|24.300000000000001,41.200000000000003,0.0,1.0,1.0|24.0,42.399999999999999,0.0,0.98999999999999999,0.98999999999999999|23.699999999999999,43.5,0.0,0.98999999999999999,0.98999999999999999|23.399999999999999,44.799999999999997,0.0,0.98999999999999999,0.98999999999999999|23.100000000000001,45.799999999999997,0.0,1.0,1.0|22.100000000000001,47.5,0.0,0.98999999999999999,0.98999999999999999|21.100000000000001,49.299999999999997,0.0,1.0,1.0|20.199999999999999,51.0,0.0,0.98999999999999999,0.98999999999999999|19.199999999999999,52.899999999999999,0.0,0.98999999999999999,0.98999999999999999|18.199999999999999,51.700000000000003,0.0,0.98999999999999999,0.98999999999999999|17.199999999999999,50.5,0.0,0.98999999999999999,0.98999999999999999|16.100000000000001,49.399999999999999,0.0,0.98999999999999999,0.98999999999999999|15.1,48.100000000000001,0.0,0.98999999999999999,0.98999999999999999|16.399999999999999,47.899999999999999,0.0,0.98999999999999999,0.98999999999999999|17.699999999999999,47.5,0.0,0.98999999999999999,0.98999999999999999|19.100000000000001,47.299999999999997,0.0,0.98999999999999999,0.98999999999999999|20.300000000000001,47.0,0.0,0.98999999999999999,0.98999999999999999|21.800000000000001,46.100000000000001,0.0,0.98999999999999999,0.98999999999999999|23.100000000000001,45.399999999999999,0.0,0.98999999999999999,0.98999999999999999|24.600000000000001,44.399999999999999,0.0,0.98999999999999999,0.98999999999999999|26.100000000000001,43.5,0.0,0.98999999999999999,0.98999999999999999|25.899999999999999,43.299999999999997,0.0,0.98999999999999999,0.98999999999999999|25.600000000000001,43.100000000000001,0.0,0.98999999999999999,0.98999999999999999|25.399999999999999,43.0,0.0,0.98999999999999999,0.98999999999999999|25.100000000000001,42.899999999999999,0.0,0.98999999999999999,0.98999999999999999|25.100000000000001,42.5,0.0,0.98999999999999999,0.98999999999999999|25.100000000000001,42.299999999999997,0.0,0.98999999999999999,0.98999999999999999|25.199999999999999,41.799999999999997,0.0,0.98999999999999999,0.98999999999999999|25.300000000000001,41.5,0.0,0.98999999999999999,0.98999999999999999|24.899999999999999,42.399999999999999,0.0,0.98999999999999999,0.98999999999999999|24.699999999999999,43.299999999999997,0.0,0.98999999999999999,0.98999999999999999|24.399999999999999,44.200000000000003,0.0,1.0,1.0|24.199999999999999,45.100000000000001,0.0,1.0,1.0|24.0,46.100000000000001,0.0,1.0,1.0|23.899999999999999,47.100000000000001,0.0,1.0,1.0
Zombie_neck.png|29.399999999999999,34.0,0.0,0.83999999999999997,0.80000000000000004|28.899999999999999,33.0,0.0,0.83999999999999997,0.80000000000000004|28.399999999999999,31.899999999999999,0.0,0.83999999999999997,0.80000000000000004|28.0,30.899999999999999,0.0,0.83999999999999997,0.80000000000000004|27.699999999999999,29.800000000000001,0.0,0.83999999999999997,0.80000000000000004|27.600000000000001,30.0,0.0,0.83999999999999997,0.80000000000000004|27.399999999999999,30.199999999999999,0.0,0.83999999999999997,0.80000000000000004|27.199999999999999,30.300000000000001,0.0,0.83999999999999997,0.80000000000000004|27.199999999999999,30.399999999999999,0.0,0.83999999999999997,0.80000000000000004|27.5,30.199999999999999,0.0,0.83999999999999997,0.80000000000000004|27.899999999999999,29.899999999999999,0.0,0.83999999999999997,0.80000000000000004|28.199999999999999,29.600000000000001,0.0,0.83999999999999997,0.80000000000000004|28.600000000000001,29.199999999999999,0.0,0.83999999999999997,0.80000000000000004|28.100000000000001,30.399999999999999,0.0,0.83999999999999997,0.80000000000000004|27.699999999999999,31.600000000000001,0.0,0.83999999999999997,0.80000000000000004|27.100000000000001,32.799999999999997,0.0,0.83999999999999997,0.80000000000000004|26.5,34.0,0.0,0.83999999999999997,0.80000000000000004|25.600000000000001,34.5,0.0,0.83999999999999997,0.80000000000000004|24.600000000000001,35.0,0.0,0.83999999999999997,0.80000000000000004|23.699999999999999,35.5,0.0,0.83999999999999997,0.80000000000000004|22.800000000000001,36.100000000000001,0.0,0.83999999999999997,0.80000000000000004|22.0,35.399999999999999,0.0,0.83999999999999997,0.80000000000000004|21.100000000000001,34.600000000000001,0.0,0.83999999999999997,0.80000000000000004|20.300000000000001,33.899999999999999,0.0,0.83999999999999997,0.80000000000000004|19.5,33.100000000000001,0.0,0.83999999999999997,0.80000000000000004|21.0,32.600000000000001,0.0,0.83999999999999997,0.80000000000000004|22.600000000000001,32.100000000000001,0.0,0.83999999999999997,0.80000000000000004|24.100000000000001,31.699999999999999,0.0,0.83999999999999997,0.80000000000000004|25.699999999999999,31.100000000000001,0.0,0.83999999999999997,0.80000000000000004|27.5,30.300000000000001,0.0,0.83999999999999997,0.80000000000000004|29.399999999999999,29.5,0.0,0.83999999999999997,0.80000000000000004|31.199999999999999,28.800000000000001,0.0,0.83999999999999997,0.80000000000000004|33.0,28.100000000000001,0.0,0.83999999999999997,0.80000000000000004|33.299999999999997,28.0,0.0,0.83999999999999997,0.80000000000000004|33.5,27.800000000000001,0.0,0.83999999999999997,0.80000000000000004|33.799999999999997,27.800000000000001,0.0,0.83999999999999997,0.80000000000000004|34.100000000000001,27.699999999999999,0.0,0.83999999999999997,0.80000000000000004|31.699999999999999,28.600000000000001,0.0,0.83999999999999997,0.80000000000000004|29.399999999999999,29.399999999999999,0.0,0.83999999999999997,0.80000000000000004|27.0,30.199999999999999,0.0,0.83999999999999997,0.80000000000000004|24.699999999999999,31.100000000000001,0.0,0.83999999999999997,0.80000000000000004|25.5,31.600000000000001,0.0,0.83999999999999997,0.80000000000000004|26.199999999999999,32.100000000000001,0.0,0.83999999999999997,0.80000000000000004|27.100000000000001,32.700000000000003,0.0,0.83999999999999997,0.80000000000000004|27.800000000000001,33.200000000000003,0.0,0.83999999999999997,0.80000000000000004|28.600000000000001,33.700000000000003,0.0,0.83999999999999997,0.80000000000000004|29.399999999999999,34.0,0.0,0.83999999999999997,0.80000000000000004
Zombie_head.png|6.7000000000000002,8.8000000000000007,0.0,0.80000000000000004,0.80000000000000004|8.5,6.0999999999999996,0.0,0.80000000000000004,0.80000000000000004|10.4,3.6000000000000001,0.0,0.80000000000000004,0.80000000000000004|12.4,1.2,0.0,0.80000000000000004,0.80000000000000004|14.5,-1.0900000000000001,0.0,0.80000000000000004,0.80000000000000004|15.9,-1.5900000000000001,0.0,0.80000000000000004,0.80000000000000004|17.199999999999999,-2.0899999999999999,0.0,0.80000000000000004,0.80000000000000004|18.5,-2.4900000000000002,0.0,0.80000000000000004,0.80000000000000004|19.899999999999999,-2.9900000000000002,0.0,0.80000000000000004,0.80000000000000004|20.800000000000001,-3.4900000000000002,0.0,0.80000000000000004,0.80000000000000004|21.699999999999999,-3.8900000000000001,0.0,0.80000000000000004,0.80000000000000004|22.699999999999999,-4.3899999999999997,0.0,0.80000000000000004,0.80000000000000004|23.699999999999999,-4.9900000000000002,0.0,0.80000000000000004,0.80000000000000004|22.800000000000001,-3.79,0.0,0.80000000000000004,0.80000000000000004|22.0,-2.6899999999999999,0.0,0.80000000000000004,0.80000000000000004|21.199999999999999,-1.49,0.0,0.80000000000000004,0.80000000000000004|20.199999999999999,-0.39000000000000001,0.0,0.80000000000000004,0.80000000000000004|15.6,2.0,0.0,0.80000000000000004,0.80000000000000004|11.199999999999999,4.5999999999999996,0.0,0.80000000000000004,0.80000000000000004|6.7999999999999998,7.5999999999999996,0.0,0.80000000000000004,0.80000000000000004|2.6000000000000001,10.699999999999999,0.0,0.80000000000000004,0.80000000000000004|1.7,10.5,0.0,0.80000000000000004,0.80000000000000004|0.90000000000000002,9.9000000000000004,0.0,0.80000000000000004,0.80000000000000004|2.5,6.2000000000000002,0.0,0.80000000000000004,0.80000000000000004|4.5,2.7000000000000002,0.0,0.80000000000000004,0.80000000000000004|6.7999999999999998,1.8,0.0,0.80000000000000004,0.80000000000000004|9.1999999999999993,1.0,0.0,0.80000000000000004,0.80000000000000004|11.6,0.0,0.0,0.80000000000000004,0.80000000000000004|13.9,-0.68999999999999995,0.0,0.80000000000000004,0.80000000000000004|16.600000000000001,-1.5900000000000001,0.0,0.80000000000000004,0.80000000000000004|19.100000000000001,-2.4900000000000002,0.0,0.80000000000000004,0.80000000000000004|21.899999999999999,-3.4900000000000002,0.0,0.80000000000000004,0.80000000000000004|24.600000000000001,-4.4900000000000002,0.0,0.80000000000000004,0.80000000000000004|25.300000000000001,-4.6900000000000004,0.0,0.79000000000000004,0.79000000000000004|26.199999999999999,-4.79,0.0,0.79000000000000004,0.79000000000000004|26.800000000000001,-4.8899999999999997,0.0,0.79000000000000004,0.79000000000000004|27.600000000000001,-5.1900000000000004,0.0,0.80000000000000004,0.80000000000000004|21.899999999999999,-2.8900000000000001,0.0,0.79000000000000004,0.79000000000000004|16.300000000000001,-0.48999999999999999,0.0,0.79000000000000004,0.79000000000000004|10.699999999999999,2.0,0.0,0.79000000000000004,0.79000000000000004|5.5,4.7999999999999998,0.0,0.79000000000000004,0.79000000000000004|5.5999999999999996,5.5,0.0,0.80000000000000004,0.80000000000000004|5.7999999999999998,6.2000000000000002,0.0,0.80000000000000004,0.80000000000000004|6.0,6.9000000000000004,0.0,0.80000000000000004,0.80000000000000004|6.0999999999999996,7.5999999999999996,0.0,0.80000000000000004,0.80000000000000004|6.2999999999999998,8.3000000000000007,0.0,0.80000000000000004,0.80000000000000004|6.7000000000000002,8.8000000000000007,0.0,0.80000000000000004,0.80000000000000004
Zombie_innerleg_upper.png|44.100000000000001,76.799999999999997,0.0,0.80000000000000004,0.80000000000000004|41.899999999999999,76.200000000000003,0.0,0.81000000000000005,0.83999999999999997|39.799999999999997,75.799999999999997,0.0,0.81999999999999995,0.88|37.799999999999997,75.5,0.0,0.83999999999999997,0.91000000000000003|35.600000000000001,75.299999999999997,0.0,0.84999999999999998,0.94999999999999996|35.299999999999997,75.700000000000003,0.0,0.83999999999999997,0.91000000000000003|35.100000000000001,76.099999999999994,0.0,0.81999999999999995,0.87|34.799999999999997,76.5,0.0,0.81000000000000005,0.83999999999999997|34.700000000000003,76.799999999999997,0.0,0.80000000000000004,0.80000000000000004|34.399999999999999,76.299999999999997,0.0,0.80000000000000004,0.82999999999999996|34.0,75.799999999999997,0.0,0.80000000000000004,0.85999999999999999|33.600000000000001,75.299999999999997,0.0,0.80000000000000004,0.89000000000000001|33.100000000000001,74.799999999999997,0.0,0.81000000000000005,0.92000000000000004|34.399999999999999,76.099999999999994,0.0,0.81000000000000005,0.89000000000000001|35.5,77.299999999999997,0.0,0.81000000000000005,0.85999999999999999|36.799999999999997,78.5,0.0,0.81000000000000005,0.82999999999999996|37.899999999999999,79.799999999999997,0.0,0.81000000000000005,0.80000000000000004|37.100000000000001,79.900000000000006,0.0,0.81000000000000005,0.80000000000000004|36.399999999999999,80.099999999999994,0.0,0.81000000000000005,0.80000000000000004|35.600000000000001,80.200000000000003,0.0,0.81000000000000005,0.80000000000000004|34.799999999999997,80.299999999999997,0.0,0.81000000000000005,0.80000000000000004|33.5,79.700000000000003,0.0,0.80000000000000004,0.84999999999999998|32.200000000000003,79.200000000000003,0.0,0.80000000000000004,0.90000000000000002|31.0,78.599999999999994,0.0,0.80000000000000004,0.94999999999999996|29.800000000000001,78.200000000000003,0.0,0.81000000000000005,1.0|30.300000000000001,77.400000000000006,0.0,0.80000000000000004,1.02|30.899999999999999,76.599999999999994,0.0,0.80000000000000004,1.03|31.300000000000001,75.799999999999997,0.0,0.80000000000000004,1.05|31.800000000000001,75.0,0.0,0.81000000000000005,1.0700000000000001|33.5,74.799999999999997,0.0,0.80000000000000004,1.02|35.0,74.799999999999997,0.0,0.80000000000000004,0.96999999999999997|36.399999999999999,74.799999999999997,0.0,0.80000000000000004,0.92000000000000004|37.899999999999999,74.599999999999994,0.0,0.80000000000000004,0.88|36.299999999999997,74.5,0.0,0.80000000000000004,0.84999999999999998|34.799999999999997,74.5,0.0,0.80000000000000004,0.82999999999999996|33.200000000000003,74.299999999999997,0.0,0.80000000000000004,0.81000000000000005|31.600000000000001,74.299999999999997,0.0,0.80000000000000004,0.79000000000000004|31.899999999999999,74.200000000000003,0.0,0.80000000000000004,0.79000000000000004|32.299999999999997,74.200000000000003,0.0,0.80000000000000004,0.79000000000000004|32.700000000000003,74.200000000000003,0.0,0.80000000000000004,0.79000000000000004|33.0,74.299999999999997,0.0,0.80000000000000004,0.79000000000000004|34.899999999999999,74.700000000000003,0.0,0.80000000000000004,0.80000000000000004|36.600000000000001,75.099999999999994,0.0,0.80000000000000004,0.80000000000000004|38.5,75.5,0.0,0.80000000000000004,0.80000000000000004|40.299999999999997,75.799999999999997,0.0,0.80000000000000004,0.80000000000000004|42.100000000000001,76.200000000000003,0.0,0.80000000000000004,0.80000000000000004|44.100000000000001,76.799999999999997,0.0,0.80000000000000004,0.80000000000000004
Zombie_innerleg_lower.png|31.600000000000001,90.299999999999997,0.0,0.80000000000000004,0.80000000000000004|30.899999999999999,91.299999999999997,0.0,0.80000000000000004,0.80000000000000004|30.399999999999999,92.700000000000003,0.0,0.80000000000000004,0.80000000000000004|30.0,94.0,0.0,0.80000000000000004,0.80000000000000004|29.899999999999999,95.700000000000003,0.0,0.80000000000000004,0.80000000000000004|30.199999999999999,96.799999999999997,0.0,0.80000000000000004,0.80000000000000004|30.699999999999999,97.799999999999997,0.0,0.80000000000000004,0.80000000000000004|31.199999999999999,98.900000000000006,0.0,0.80000000000000004,0.80000000000000004|31.800000000000001,99.900000000000006,0.0,0.80000000000000004,0.80000000000000004|32.5,100.09999999999999,0.0,0.80000000000000004,0.80000000000000004|33.100000000000001,100.09999999999999,0.0,0.80000000000000004,0.80000000000000004|33.799999999999997,100.2,0.0,0.80000000000000004,0.80000000000000004|34.399999999999999,100.3,0.0,0.80000000000000004,0.80000000000000004|36.0,101.5,0.0,0.80000000000000004,0.80000000000000004|37.600000000000001,102.8,0.0,0.80000000000000004,0.80000000000000004|39.299999999999997,104.09999999999999,0.0,0.80000000000000004,0.80000000000000004|41.0,105.40000000000001,0.0,0.80000000000000004,0.80000000000000004|40.799999999999997,105.5,0.0,0.80000000000000004,0.80000000000000004|40.700000000000003,105.8,0.0,0.80000000000000004,0.80000000000000004|40.5,105.8,0.0,0.80000000000000004,0.80000000000000004|40.299999999999997,105.90000000000001,0.0,0.80000000000000004,0.80000000000000004|38.5,105.8,0.0,0.80000000000000004,0.80000000000000004|36.799999999999997,105.8,0.0,0.80000000000000004,0.80000000000000004|35.100000000000001,105.8,0.0,0.80000000000000004,0.80000000000000004|33.399999999999999,105.90000000000001,0.0,0.80000000000000004,0.80000000000000004|33.299999999999997,106.2,0.0,0.80000000000000004,0.80000000000000004|33.200000000000003,106.5,0.0,0.80000000000000004,0.80000000000000004|33.100000000000001,106.7,0.0,0.80000000000000004,0.80000000000000004|33.0,106.90000000000001,0.0,0.80000000000000004,0.80000000000000004|32.399999999999999,105.7,0.0,0.79000000000000004,0.80000000000000004|31.899999999999999,104.59999999999999,0.0,0.79000000000000004,0.80000000000000004|31.399999999999999,103.40000000000001,0.0,0.79000000000000004,0.81000000000000005|31.0,102.09999999999999,0.0,0.78000000000000003,0.81000000000000005|30.0,101.0,0.0,0.78000000000000003,0.81999999999999995|29.0,99.900000000000006,0.0,0.78000000000000003,0.81999999999999995|28.0,99.0,0.0,0.78000000000000003,0.81999999999999995|27.100000000000001,97.900000000000006,0.0,0.78000000000000003,0.82999999999999996|26.300000000000001,98.0,0.0,0.78000000000000003,0.82999999999999996|25.399999999999999,98.0,0.0,0.77000000000000002,0.82999999999999996|24.699999999999999,98.099999999999994,0.0,0.77000000000000002,0.82999999999999996|23.899999999999999,98.099999999999994,0.0,0.77000000000000002,0.82999999999999996|25.0,96.599999999999994,0.0,0.77000000000000002,0.81999999999999995|26.0,95.099999999999994,0.0,0.78000000000000003,0.81999999999999995|27.199999999999999,93.799999999999997,0.0,0.78000000000000003,0.81000000000000005|28.600000000000001,92.5,0.0,0.79000000000000004,0.81000000000000005|30.0,91.200000000000003,0.0,0.79000000000000004,0.80000000000000004|31.600000000000001,90.299999999999997,0.0,0.80000000000000004,0.80000000000000004
Zombie_innerleg_foot.png|35.299999999999997,105.8,0.0,0.80000000000000004,0.80000000000000004|37.399999999999999,105.8,0.0,0.80000000000000004,0.80000000000000004|39.5,105.8,0.0,0.80000000000000004,0.80000000000000004|41.600000000000001,105.8,0.0,0.80000000000000004,0.80000000000000004|43.700000000000003,105.8,0.0,0.80000000000000004,0.80000000000000004|44.399999999999999,106.2,0.0,0.80000000000000004,0.80000000000000004|45.200000000000003,106.59999999999999,0.0,0.80000000000000004,0.80000000000000004|46.0,107.09999999999999,0.0,0.80000000000000004,0.80000000000000004|47.0,107.5,0.0,0.80000000000000004,0.80000000000000004|47.5,108.0,0.0,0.80000000000000004,0.80000000000000004|48.0,108.59999999999999,0.0,0.80000000000000004,0.80000000000000004|48.600000000000001,109.09999999999999,0.0,0.80000000000000004,0.80000000000000004|49.399999999999999,109.59999999999999,0.0,0.80000000000000004,0.80000000000000004|51.399999999999999,110.59999999999999,0.0,0.80000000000000004,0.80000000000000004|53.5,111.7,0.0,0.80000000000000004,0.80000000000000004|55.600000000000001,112.7,0.0,0.80000000000000004,0.80000000000000004|58.0,113.7,0.0,0.80000000000000004,0.80000000000000004|58.0,114.0,0.0,0.80000000000000004,0.80000000000000004|58.0,114.3,0.0,0.80000000000000004,0.80000000000000004|58.0,114.5,0.0,0.80000000000000004,0.80000000000000004|57.899999999999999,114.90000000000001,0.0,0.80000000000000004,0.80000000000000004|57.0,115.5,0.0,0.80000000000000004,0.80000000000000004|56.100000000000001,116.09999999999999,0.0,0.80000000000000004,0.80000000000000004|55.299999999999997,116.59999999999999,0.0,0.80000000000000004,0.80000000000000004|54.5,117.0,0.0,0.80000000000000004,0.80000000000000004|54.399999999999999,117.7,0.0,0.80000000000000004,0.80000000000000004|54.0,118.3,0.0,0.80000000000000004,0.80000000000000004|53.799999999999997,118.90000000000001,0.0,0.80000000000000004,0.80000000000000004|53.5,119.5,0.0,0.80000000000000004,0.80000000000000004|52.0,119.09999999999999,0.0,0.80000000000000004,0.80000000000000004|50.799999999999997,118.59999999999999,0.0,0.80000000000000004,0.80000000000000004|49.399999999999999,118.09999999999999,0.0,0.79000000000000004,0.79000000000000004|48.0,117.40000000000001,0.0,0.79000000000000004,0.79000000000000004|45.0,116.0,0.0,0.79000000000000004,0.79000000000000004|42.200000000000003,114.59999999999999,0.0,0.79000000000000004,0.79000000000000004|39.700000000000003,112.8,0.0,0.79000000000000004,0.79000000000000004|37.5,111.09999999999999,0.0,0.79000000000000004,0.79000000000000004|36.100000000000001,109.40000000000001,0.0,0.79000000000000004,0.79000000000000004|35.200000000000003,107.8,0.0,0.79000000000000004,0.79000000000000004|35.0,106.40000000000001,0.0,0.79000000000000004,0.79000000000000004|35.0,105.3,0.0,0.79000000000000004,0.79000000000000004|35.0,105.5,0.0,0.79000000000000004,0.79000000000000004|35.0,105.59999999999999,0.0,0.79000000000000004,0.79000000000000004|35.100000000000001,105.59999999999999,0.0,0.80000000000000004,0.80000000000000004|35.100000000000001,105.7,0.0,0.80000000000000004,0.80000000000000004|35.100000000000001,105.8,0.0,0.80000000000000004,0.80000000000000004|35.299999999999997,105.8,0.0,0.80000000000000004,0.80000000000000004
Zombie_outerleg_upper.png|54.799999999999997,67.799999999999997,0.0,0.80000000000000004,0.80000000000000004|53.0,67.299999999999997,0.0,0.80000000000000004,0.80000000000000004|51.5,66.700000000000003,0.0,0.80000000000000004,0.80000000000000004|49.799999999999997,66.099999999999994,0.0,0.80000000000000004,0.80000000000000004|48.299999999999997,65.5,0.0,0.80000000000000004,0.80000000000000004|48.299999999999997,65.200000000000003,0.0,0.80000000000000004,0.80000000000000004|48.100000000000001,64.900000000000006,0.0,0.80000000000000004,0.80000000000000004|48.200000000000003,64.700000000000003,0.0,0.80000000000000004,0.80000000000000004|48.100000000000001,64.299999999999997,0.0,0.80000000000000004,0.80000000000000004|47.5,64.400000000000006,0.0,0.80000000000000004,0.80000000000000004|47.0,64.299999999999997,0.0,0.80000000000000004,0.80000000000000004|46.5,64.299999999999997,0.0,0.80000000000000004,0.80000000000000004|45.899999999999999,64.299999999999997,0.0,0.80000000000000004,0.80000000000000004|46.299999999999997,64.5,0.0,0.80000000000000004,0.80000000000000004|46.600000000000001,64.599999999999994,0.0,0.81000000000000005,0.81000000000000005|47.100000000000001,64.799999999999997,0.0,0.81000000000000005,0.81999999999999995|47.600000000000001,64.799999999999997,0.0,0.81999999999999995,0.81999999999999995|47.5,65.299999999999997,0.0,0.81000000000000005,0.81999999999999995|47.399999999999999,65.799999999999997,0.0,0.81000000000000005,0.81999999999999995|47.200000000000003,66.299999999999997,0.0,0.81000000000000005,0.81999999999999995|47.0,66.700000000000003,0.0,0.81999999999999995,0.81999999999999995|45.299999999999997,66.799999999999997,0.0,0.81000000000000005,0.81999999999999995|43.600000000000001,66.900000000000006,0.0,0.81000000000000005,0.81999999999999995|42.100000000000001,67.0,0.0,0.81000000000000005,0.81999999999999995|40.5,67.0,0.0,0.81000000000000005,0.81999999999999995|41.5,67.299999999999997,0.0,0.81000000000000005,0.81999999999999995|42.399999999999999,67.599999999999994,0.0,0.81000000000000005,0.81999999999999995|43.399999999999999,67.799999999999997,0.0,0.81000000000000005,0.81999999999999995|44.399999999999999,68.200000000000003,0.0,0.81000000000000005,0.81999999999999995|44.0,69.099999999999994,0.0,0.81000000000000005,0.81999999999999995|43.600000000000001,70.0,0.0,0.81000000000000005,0.81999999999999995|43.5,71.099999999999994,0.0,0.81000000000000005,0.81999999999999995|43.399999999999999,72.299999999999997,0.0,0.81000000000000005,0.81999999999999995|43.5,72.799999999999997,0.0,0.81000000000000005,0.81999999999999995|43.600000000000001,73.5,0.0,0.81000000000000005,0.81999999999999995|43.600000000000001,74.0,0.0,0.81000000000000005,0.81999999999999995|43.799999999999997,74.599999999999994,0.0,0.81000000000000005,0.81999999999999995|44.100000000000001,74.5,0.0,0.81000000000000005,0.81999999999999995|44.399999999999999,74.5,0.0,0.81000000000000005,0.81999999999999995|44.700000000000003,74.5,0.0,0.81000000000000005,0.81999999999999995|45.0,74.599999999999994,0.0,0.81000000000000005,0.81999999999999995|46.5,73.200000000000003,0.0,0.81000000000000005,0.81999999999999995|47.899999999999999,71.799999999999997,0.0,0.81000000000000005,0.81000000000000005|49.5,70.799999999999997,0.0,0.81000000000000005,0.81000000000000005|51.299999999999997,69.700000000000003,0.0,0.80000000000000004,0.81000000000000005|53.0,68.700000000000003,0.0,0.80000000000000004,0.80000000000000004|54.799999999999997,67.799999999999997,0.0,0.80000000000000004,0.80000000000000004
Zombie_outerleg_foot.png|44.600000000000001,109.3,0.0,0.80000000000000004,0.80000000000000004|42.700000000000003,109.8,0.0,0.80000000000000004,0.80000000000000004|40.799999999999997,110.5,0.0,0.80000000000000004,0.80000000000000004|38.799999999999997,111.09999999999999,0.0,0.80000000000000004,0.80000000000000004|37.0,111.7,0.0,0.80000000000000004,0.80000000000000004|35.700000000000003,111.7,0.0,0.80000000000000004,0.80000000000000004|34.399999999999999,111.7,0.0,0.80000000000000004,0.80000000000000004|33.100000000000001,111.7,0.0,0.80000000000000004,0.80000000000000004|31.800000000000001,111.7,0.0,0.80000000000000004,0.80000000000000004|29.5,111.7,0.0,0.80000000000000004,0.80000000000000004|27.199999999999999,111.7,0.0,0.80000000000000004,0.80000000000000004|24.899999999999999,111.7,0.0,0.80000000000000004,0.80000000000000004|22.600000000000001,111.7,0.0,0.80000000000000004,0.80000000000000004|23.300000000000001,111.7,0.0,0.80000000000000004,0.80000000000000004|24.100000000000001,111.7,0.0,0.80000000000000004,0.80000000000000004|24.800000000000001,111.7,0.0,0.80000000000000004,0.80000000000000004|25.399999999999999,111.7,0.0,0.80000000000000004,0.80000000000000004|25.5,111.59999999999999,0.0,0.80000000000000004,0.80000000000000004|25.600000000000001,111.59999999999999,0.0,0.80000000000000004,0.80000000000000004|25.699999999999999,111.59999999999999,0.0,0.80000000000000004,0.80000000000000004|25.699999999999999,111.7,0.0,0.80000000000000004,0.80000000000000004|25.600000000000001,111.7,0.0,0.80000000000000004,0.80000000000000004|25.5,111.7,0.0,0.80000000000000004,0.80000000000000004|25.399999999999999,111.7,0.0,0.80000000000000004,0.80000000000000004|25.199999999999999,111.7,0.0,0.80000000000000004,0.80000000000000004|27.399999999999999,111.7,0.0,0.80000000000000004,0.80000000000000004|29.600000000000001,111.7,0.0,0.80000000000000004,0.80000000000000004|31.800000000000001,111.7,0.0,0.80000000000000004,0.80000000000000004|34.0,111.7,0.0,0.80000000000000004,0.80000000000000004|36.600000000000001,111.59999999999999,0.0,0.80000000000000004,0.80000000000000004|39.299999999999997,111.5,0.0,0.80000000000000004,0.80000000000000004|42.0,111.3,0.0,0.80000000000000004,0.80000000000000004|44.5,111.3,0.0,0.80000000000000004,0.80000000000000004|45.399999999999999,111.59999999999999,0.0,0.80000000000000004,0.80000000000000004|46.299999999999997,112.0,0.0,0.80000000000000004,0.80000000000000004|47.100000000000001,112.3,0.0,0.80000000000000004,0.80000000000000004|48.0,112.7,0.0,0.80000000000000004,0.80000000000000004|49.299999999999997,112.7,0.0,0.80000000000000004,0.80000000000000004|50.5,112.7,0.0,0.80000000000000004,0.80000000000000004|51.899999999999999,112.7,0.0,0.80000000000000004,0.80000000000000004|53.100000000000001,112.7,0.0,0.80000000000000004,0.80000000000000004|51.899999999999999,112.59999999999999,0.0,0.80000000000000004,0.80000000000000004|50.600000000000001,112.3,0.0,0.80000000000000004,0.80000000000000004|49.399999999999999,112.2,0.0,0.80000000000000004,0.80000000000000004|47.799999999999997,111.2,0.0,0.80000000000000004,0.80000000000000004|46.200000000000003,110.3,0.0,0.80000000000000004,0.80000000000000004|44.600000000000001,109.3,0.0,0.80000000000000004,0.80000000000000004
Zombie_outerleg_lower.png|60.399999999999999,93.599999999999994,0.0,0.80000000000000004,0.80000000000000004|57.799999999999997,93.799999999999997,0.0,0.80000000000000004,0.80000000000000004|55.0,94.099999999999994,0.0,0.80000000000000004,0.80000000000000004|52.5,94.299999999999997,0.0,0.80000000000000004,0.80000000000000004|49.899999999999999,94.700000000000003,0.0,0.80000000000000004,0.80000000000000004|48.600000000000001,94.5,0.0,0.80000000000000004,0.80000000000000004|47.399999999999999,94.299999999999997,0.0,0.80000000000000004,0.80000000000000004|46.100000000000001,94.0,0.0,0.80000000000000004,0.80000000000000004|45.0,93.799999999999997,0.0,0.80000000000000004,0.80000000000000004|43.899999999999999,92.700000000000003,0.0,0.80000000000000004,0.81999999999999995|42.799999999999997,91.700000000000003,0.0,0.80000000000000004,0.84999999999999998|42.0,90.700000000000003,0.0,0.80000000000000004,0.87|41.100000000000001,89.799999999999997,0.0,0.80000000000000004,0.90000000000000002|42.299999999999997,90.099999999999994,0.0,0.80000000000000004,0.90000000000000002|43.299999999999997,90.299999999999997,0.0,0.80000000000000004,0.90000000000000002|44.299999999999997,90.700000000000003,0.0,0.80000000000000004,0.90000000000000002|45.200000000000003,91.0,0.0,0.80000000000000004,0.90000000000000002|44.899999999999999,91.200000000000003,0.0,0.80000000000000004,0.90000000000000002|44.600000000000001,91.5,0.0,0.80000000000000004,0.90000000000000002|44.100000000000001,91.799999999999997,0.0,0.80000000000000004,0.90000000000000002|44.0,92.099999999999994,0.0,0.80000000000000004,0.90000000000000002|43.899999999999999,92.099999999999994,0.0,0.80000000000000004,0.90000000000000002|43.700000000000003,92.099999999999994,0.0,0.80000000000000004,0.90000000000000002|43.600000000000001,92.099999999999994,0.0,0.80000000000000004,0.90000000000000002|43.5,92.099999999999994,0.0,0.80000000000000004,0.90000000000000002|45.0,92.299999999999997,0.0,0.80000000000000004,0.90000000000000002|46.600000000000001,92.400000000000006,0.0,0.80000000000000004,0.90000000000000002|48.200000000000003,92.599999999999994,0.0,0.80000000000000004,0.90000000000000002|49.899999999999999,92.799999999999997,0.0,0.80000000000000004,0.90000000000000002|52.299999999999997,92.900000000000006,0.0,0.80000000000000004,0.90000000000000002|54.600000000000001,93.0,0.0,0.80000000000000004,0.90000000000000002|57.0,93.099999999999994,0.0,0.80000000000000004,0.90000000000000002|59.399999999999999,93.200000000000003,0.0,0.80000000000000004,0.90000000000000002|59.799999999999997,92.900000000000006,0.0,0.80000000000000004,0.90000000000000002|60.299999999999997,92.799999999999997,0.0,0.80000000000000004,0.90000000000000002|60.700000000000003,92.700000000000003,0.0,0.80000000000000004,0.90000000000000002|61.100000000000001,92.599999999999994,0.0,0.80000000000000004,0.90000000000000002|61.5,93.0,0.0,0.80000000000000004,0.90000000000000002|61.899999999999999,93.299999999999997,0.0,0.80000000000000004,0.90000000000000002|62.100000000000001,93.700000000000003,0.0,0.80000000000000004,0.90000000000000002|62.5,94.0,0.0,0.80000000000000004,0.90000000000000002|62.0,94.0,0.0,0.80000000000000004,0.88|61.5,94.0,0.0,0.80000000000000004,0.85999999999999999|60.899999999999999,94.0,0.0,0.80000000000000004,0.84999999999999998|60.600000000000001,93.700000000000003,0.0,0.80000000000000004,0.82999999999999996|60.5,93.599999999999994,0.0,0.80000000000000004,0.81999999999999995|60.399999999999999,93.599999999999994,0.0,0.80000000000000004,0.80000000000000004
Zombie_body.png|28.899999999999999,33.799999999999997,0.0,0.80000000000000004,0.80000000000000004|28.5,32.700000000000003,0.0,0.80000000000000004,0.80000000000000004|27.899999999999999,31.5,0.0,0.80000000000000004,0.80000000000000004|27.5,30.5,0.0,0.80000000000000004,0.80000000000000004|27.300000000000001,29.300000000000001,0.0,0.80000000000000004,0.80000000000000004|27.100000000000001,29.5,0.0,0.80000000000000004,0.80000000000000004|26.899999999999999,29.699999999999999,0.0,0.80000000000000004,0.80000000000000004|26.699999999999999,29.800000000000001,0.0,0.80000000000000004,0.80000000000000004|26.600000000000001,29.899999999999999,0.0,0.80000000000000004,0.80000000000000004|27.0,29.5,0.0,0.80000000000000004,0.80000000000000004|27.600000000000001,29.100000000000001,0.0,0.80000000000000004,0.80000000000000004|28.100000000000001,28.699999999999999,0.0,0.80000000000000004,0.80000000000000004|28.600000000000001,28.300000000000001,0.0,0.80000000000000004,0.80000000000000004|27.899999999999999,29.5,0.0,0.80000000000000004,0.80000000000000004|27.399999999999999,30.600000000000001,0.0,0.80000000000000004,0.80000000000000004|26.699999999999999,31.800000000000001,0.0,0.80000000000000004,0.80000000000000004|26.300000000000001,33.0,0.0,0.80000000000000004,0.80000000000000004|25.199999999999999,33.799999999999997,0.0,0.80000000000000004,0.80000000000000004|24.100000000000001,34.399999999999999,0.0,0.80000000000000004,0.80000000000000004|23.0,35.100000000000001,0.0,0.80000000000000004,0.80000000000000004|22.0,35.799999999999997,0.0,0.80000000000000004,0.80000000000000004|21.100000000000001,35.100000000000001,0.0,0.80000000000000004,0.80000000000000004|20.5,34.100000000000001,0.0,0.80000000000000004,0.80000000000000004|19.699999999999999,33.399999999999999,0.0,0.80000000000000004,0.80000000000000004|19.0,32.5,0.0,0.80000000000000004,0.80000000000000004|20.600000000000001,32.0,0.0,0.80000000000000004,0.80000000000000004|22.300000000000001,31.399999999999999,0.0,0.80000000000000004,0.80000000000000004|23.899999999999999,30.800000000000001,0.0,0.80000000000000004,0.80000000000000004|25.600000000000001,30.199999999999999,0.0,0.80000000000000004,0.80000000000000004|27.399999999999999,29.399999999999999,0.0,0.80000000000000004,0.80000000000000004|29.300000000000001,28.800000000000001,0.0,0.80000000000000004,0.80000000000000004|31.199999999999999,28.100000000000001,0.0,0.80000000000000004,0.80000000000000004|33.0,27.399999999999999,0.0,0.80000000000000004,0.80000000000000004|33.299999999999997,27.300000000000001,0.0,0.80000000000000004,0.80000000000000004|33.5,27.199999999999999,0.0,0.80000000000000004,0.80000000000000004|33.799999999999997,27.199999999999999,0.0,0.80000000000000004,0.80000000000000004|34.0,27.0,0.0,0.80000000000000004,0.80000000000000004|31.399999999999999,27.800000000000001,0.0,0.80000000000000004,0.80000000000000004|29.0,28.600000000000001,0.0,0.80000000000000004,0.80000000000000004|26.399999999999999,29.399999999999999,0.0,0.80000000000000004,0.80000000000000004|24.100000000000001,30.399999999999999,0.0,0.80000000000000004,0.80000000000000004|24.899999999999999,31.0,0.0,0.80000000000000004,0.80000000000000004|25.699999999999999,31.5,0.0,0.80000000000000004,0.80000000000000004|26.600000000000001,32.0,0.0,0.80000000000000004,0.80000000000000004|27.5,32.5,0.0,0.80000000000000004,0.80000000000000004|28.300000000000001,33.100000000000001,0.0,0.80000000000000004,0.80000000000000004|28.899999999999999,33.799999999999997,0.0,0.80000000000000004,0.80000000000000004
Zombie_tie.png|23.800000000000001,50.899999999999999,0.0,0.80000000000000004,0.80000000000000004|22.899999999999999,49.799999999999997,0.0,0.80000000000000004,0.80000000000000004|21.899999999999999,48.700000000000003,0.0,0.80000000000000004,0.80000000000000004|20.899999999999999,47.600000000000001,0.0,0.80000000000000004,0.80000000000000004|19.800000000000001,46.5,0.0,0.80000000000000004,0.80000000000000004|19.899999999999999,47.100000000000001,0.0,0.80000000000000004,0.80000000000000004|19.899999999999999,47.600000000000001,0.0,0.80000000000000004,0.80000000000000004|19.899999999999999,48.0,0.0,0.80000000000000004,0.80000000000000004|20.0,48.5,0.0,0.80000000000000004,0.80000000000000004|20.300000000000001,48.299999999999997,0.0,0.80000000000000004,0.80000000000000004|20.5,48.0,0.0,0.80000000000000004,0.80000000000000004|20.800000000000001,47.700000000000003,0.0,0.80000000000000004,0.80000000000000004|20.899999999999999,47.399999999999999,0.0,0.80000000000000004,0.80000000000000004|20.899999999999999,48.200000000000003,0.0,0.80000000000000004,0.80000000000000004|20.800000000000001,49.0,0.0,0.80000000000000004,0.80000000000000004|20.800000000000001,49.600000000000001,0.0,0.80000000000000004,0.80000000000000004|20.800000000000001,50.5,0.0,0.80000000000000004,0.80000000000000004|20.100000000000001,51.700000000000003,0.0,0.80000000000000004,0.80000000000000004|19.199999999999999,52.799999999999997,0.0,0.80000000000000004,0.80000000000000004|18.5,53.799999999999997,0.0,0.80000000000000004,0.80000000000000004|17.5,54.899999999999999,0.0,0.80000000000000004,0.80000000000000004|16.199999999999999,53.5,0.0,0.80000000000000004,0.80000000000000004|14.800000000000001,52.0,0.0,0.80000000000000004,0.80000000000000004|13.6,50.600000000000001,0.0,0.80000000000000004,0.80000000000000004|12.300000000000001,49.299999999999997,0.0,0.80000000000000004,0.80000000000000004|13.5,49.100000000000001,0.0,0.80000000000000004,0.80000000000000004|14.699999999999999,48.899999999999999,0.0,0.80000000000000004,0.80000000000000004|15.800000000000001,48.799999999999997,0.0,0.80000000000000004,0.80000000000000004|16.899999999999999,48.5,0.0,0.80000000000000004,0.80000000000000004|18.399999999999999,47.5,0.0,0.80000000000000004,0.80000000000000004|19.800000000000001,46.600000000000001,0.0,0.80000000000000004,0.80000000000000004|21.100000000000001,45.600000000000001,0.0,0.80000000000000004,0.80000000000000004|22.600000000000001,44.799999999999997,0.0,0.80000000000000004,0.80000000000000004|22.600000000000001,44.100000000000001,0.0,0.80000000000000004,0.80000000000000004|22.600000000000001,43.5,0.0,0.80000000000000004,0.80000000000000004|22.699999999999999,42.799999999999997,0.0,0.80000000000000004,0.80000000000000004|22.899999999999999,42.200000000000003,0.0,0.80000000000000004,0.80000000000000004|21.199999999999999,43.5,0.0,0.80000000000000004,0.80000000000000004|19.5,44.899999999999999,0.0,0.80000000000000004,0.80000000000000004|17.899999999999999,46.200000000000003,0.0,0.80000000000000004,0.80000000000000004|16.300000000000001,47.600000000000001,0.0,0.80000000000000004,0.80000000000000004|17.600000000000001,48.100000000000001,0.0,0.80000000000000004,0.80000000000000004|18.800000000000001,48.600000000000001,0.0,0.80000000000000004,0.80000000000000004|20.0,49.299999999999997,0.0,0.80000000000000004,0.80000000000000004|21.300000000000001,49.799999999999997,0.0,0.80000000000000004,0.80000000000000004|22.5,50.299999999999997,0.0,0.80000000000000004,0.80000000000000004|23.800000000000001,50.899999999999999,0.0,0.80000000000000004,0.80000000000000004
Zombie_jaw.png|13.5,40.600000000000001,0.0,0.80000000000000004,0.80000000000000004|14.800000000000001,36.0,0.0,0.80000000000000004,0.80000000000000004|16.199999999999999,31.699999999999999,0.0,0.80000000000000004,0.80000000000000004|17.800000000000001,27.399999999999999,0.0,0.80000000000000004,0.80000000000000004|19.600000000000001,23.399999999999999,0.0,0.80000000000000004,0.80000000000000004|21.600000000000001,22.800000000000001,0.0,0.80000000000000004,0.80000000000000004|23.600000000000001,22.100000000000001,0.0,0.80000000000000004,0.80000000000000004|25.5,21.600000000000001,0.0,0.80000000000000004,0.80000000000000004|27.600000000000001,20.600000000000001,0.0,0.80000000000000004,0.80000000000000004|28.399999999999999,19.5,0.0,0.80000000000000004,0.80000000000000004|29.199999999999999,18.5,0.0,0.80000000000000004,0.80000000000000004|30.199999999999999,17.399999999999999,0.0,0.80000000000000004,0.80000000000000004|31.199999999999999,16.100000000000001,0.0,0.80000000000000004,0.80000000000000004|29.800000000000001,18.699999999999999,0.0,0.80000000000000004,0.80000000000000004|28.300000000000001,21.100000000000001,0.0,0.80000000000000004,0.80000000000000004|26.899999999999999,23.600000000000001,0.0,0.80000000000000004,0.80000000000000004|25.399999999999999,26.100000000000001,0.0,0.80000000000000004,0.80000000000000004|19.300000000000001,30.5,0.0,0.81000000000000005,0.80000000000000004|13.4,35.299999999999997,0.0,0.81999999999999995,0.79000000000000004|7.5999999999999996,40.399999999999999,0.0,0.83999999999999997,0.79000000000000004|2.2000000000000002,46.0,0.0,0.84999999999999998,0.79000000000000004|1.3,46.0,0.0,0.84999999999999998,0.79000000000000004|0.69999999999999996,45.5,0.0,0.84999999999999998,0.79000000000000004|0.59999999999999998,39.200000000000003,0.0,0.84999999999999998,0.79000000000000004|0.80000000000000004,33.200000000000003,0.0,0.84999999999999998,0.79000000000000004|4.5999999999999996,31.300000000000001,0.0,0.84999999999999998,0.79000000000000004|8.5,29.5,0.0,0.84999999999999998,0.79000000000000004|12.4,27.600000000000001,0.0,0.84999999999999998,0.79000000000000004|16.300000000000001,25.899999999999999,0.0,0.84999999999999998,0.79000000000000004|20.800000000000001,23.899999999999999,0.0,0.84999999999999998,0.79000000000000004|25.0,21.800000000000001,0.0,0.84999999999999998,0.79000000000000004|29.5,19.699999999999999,0.0,0.84999999999999998,0.79000000000000004|34.0,17.5,0.0,0.84999999999999998,0.79000000000000004|35.0,17.199999999999999,0.0,0.84999999999999998,0.79000000000000004|36.200000000000003,17.100000000000001,0.0,0.84999999999999998,0.79000000000000004|37.100000000000001,16.800000000000001,0.0,0.84999999999999998,0.79000000000000004|38.100000000000001,16.5,0.0,0.84999999999999998,0.79000000000000004|30.199999999999999,20.899999999999999,0.0,0.84999999999999998,0.79000000000000004|22.5,25.5,0.0,0.84999999999999998,0.79000000000000004|14.9,30.199999999999999,0.0,0.84999999999999998,0.79000000000000004|7.7000000000000002,35.100000000000001,0.0,0.84999999999999998,0.79000000000000004|8.5,36.100000000000001,0.0,0.83999999999999997,0.79000000000000004|9.5999999999999996,36.899999999999999,0.0,0.82999999999999996,0.79000000000000004|10.5,38.0,0.0,0.81999999999999995,0.80000000000000004|11.5,39.0,0.0,0.81999999999999995,0.80000000000000004|12.5,40.0,0.0,0.81000000000000005,0.80000000000000004|13.5,40.600000000000001,0.0,0.80000000000000004,0.80000000000000004
Zombie_tongue.png|20.399999999999999,43.0,0.0,0.80000000000000004,0.67000000000000004|21.600000000000001,39.100000000000001,0.0,0.80000000000000004,0.67000000000000004|23.0,35.299999999999997,0.0,0.80000000000000004,0.67000000000000004|24.399999999999999,31.699999999999999,0.0,0.80000000000000004,0.67000000000000004|26.0,28.100000000000001,0.0,0.80000000000000004,0.67000000000000004|27.800000000000001,27.600000000000001,0.0,0.80000000000000004,0.68000000000000005|29.5,27.0,0.0,0.80000000000000004,0.68000000000000005|31.199999999999999,26.5,0.0,0.80000000000000004,0.68000000000000005|33.0,25.800000000000001,0.0,0.80000000000000004,0.68999999999999995|33.799999999999997,24.399999999999999,0.0,0.80000000000000004,0.68000000000000005|34.600000000000001,23.100000000000001,0.0,0.80000000000000004,0.68000000000000005|35.600000000000001,21.600000000000001,0.0,0.80000000000000004,0.68000000000000005|36.5,20.0,0.0,0.80000000000000004,0.68000000000000005|35.100000000000001,22.300000000000001,0.0,0.80000000000000004,0.68000000000000005|33.700000000000003,24.5,0.0,0.80000000000000004,0.68000000000000005|32.399999999999999,26.699999999999999,0.0,0.80000000000000004,0.68000000000000005|30.899999999999999,28.899999999999999,0.0,0.80000000000000004,0.68000000000000005|25.600000000000001,32.600000000000001,0.0,0.80000000000000004,0.68000000000000005|20.600000000000001,36.399999999999999,0.0,0.80000000000000004,0.68000000000000005|15.6,40.700000000000003,0.0,0.80000000000000004,0.68000000000000005|10.800000000000001,45.0,0.0,0.80000000000000004,0.68000000000000005|10.1,44.0,0.0,0.80000000000000004,0.72999999999999998|9.8000000000000007,42.700000000000003,0.0,0.80000000000000004,0.78000000000000003|9.5999999999999996,37.399999999999999,0.0,0.80000000000000004,0.72999999999999998|9.9000000000000004,32.299999999999997,0.0,0.80000000000000004,0.68999999999999995|13.4,30.699999999999999,0.0,0.80000000000000004,0.68999999999999995|17.0,29.399999999999999,0.0,0.80000000000000004,0.68999999999999995|20.600000000000001,27.800000000000001,0.0,0.80000000000000004,0.68999999999999995|24.100000000000001,26.600000000000001,0.0,0.80000000000000004,0.68999999999999995|28.399999999999999,25.100000000000001,0.0,0.79000000000000004,0.68000000000000005|32.5,23.699999999999999,0.0,0.79000000000000004,0.68000000000000005|36.899999999999999,22.100000000000001,0.0,0.79000000000000004,0.68000000000000005|41.200000000000003,20.5,0.0,0.79000000000000004,0.68000000000000005|42.0,20.5,0.0,0.79000000000000004,0.68000000000000005|42.899999999999999,20.5,0.0,0.79000000000000004,0.68000000000000005|43.600000000000001,20.600000000000001,0.0,0.79000000000000004,0.68000000000000005|44.5,20.5,0.0,0.79000000000000004,0.68000000000000005|36.899999999999999,23.899999999999999,0.0,0.79000000000000004,0.68000000000000005|29.399999999999999,27.5,0.0,0.79000000000000004,0.68000000000000005|22.0,31.100000000000001,0.0,0.79000000000000004,0.68000000000000005|14.9,35.100000000000001,0.0,0.79000000000000004,0.68000000000000005|15.699999999999999,36.399999999999999,0.0,0.79000000000000004,0.68000000000000005|16.600000000000001,37.799999999999997,0.0,0.80000000000000004,0.68000000000000005|17.600000000000001,39.200000000000003,0.0,0.80000000000000004,0.68000000000000005|18.5,40.600000000000001,0.0,0.80000000000000004,0.68000000000000005|19.399999999999999,42.0,0.0,0.80000000000000004,0.67000000000000004|20.399999999999999,43.0,0.0,0.80000000000000004,0.67000000000000004
Zombie_mustache1.png|4.5999999999999996,31.0,0.0,0.80000000000000004,0.80000000000000004|6.5999999999999996,25.399999999999999,0.0,0.80000000000000004,0.80000000000000004|8.9000000000000004,20.100000000000001,0.0,0.80000000000000004,0.80000000000000004|11.4,14.800000000000001,0.0,0.80000000000000004,0.80000000000000004|14.1,9.5999999999999996,0.0,0.80000000000000004,0.80000000000000004|16.399999999999999,8.3000000000000007,0.0,0.80000000000000004,0.80000000000000004|18.300000000000001,7.0999999999999996,0.0,0.80000000000000004,0.80000000000000004|20.300000000000001,5.9000000000000004,0.0,0.80000000000000004,0.80000000000000004|22.5,4.7000000000000002,0.0,0.80000000000000004,0.80000000000000004|24.0,3.5,0.0,0.80000000000000004,0.80000000000000004|25.600000000000001,2.5,0.0,0.80000000000000004,0.80000000000000004|27.199999999999999,1.3,0.0,0.80000000000000004,0.80000000000000004|29.0,0.0,0.0,0.80000000000000004,0.80000000000000004|27.399999999999999,2.5,0.0,0.80000000000000004,0.80000000000000004|25.899999999999999,4.7999999999999998,0.0,0.80000000000000004,0.80000000000000004|24.5,7.2000000000000002,0.0,0.80000000000000004,0.80000000000000004|22.699999999999999,9.5999999999999996,0.0,0.80000000000000004,0.80000000000000004|15.4,15.4,0.0,0.80000000000000004,0.80000000000000004|8.5,21.399999999999999,0.0,0.80000000000000004,0.80000000000000004|1.8,27.899999999999999,0.0,0.80000000000000004,0.80000000000000004|-4.4900000000000002,34.5,0.0,0.80000000000000004,0.80000000000000004|-5.79,34.200000000000003,0.0,0.80000000000000004,0.80000000000000004|-6.9900000000000002,33.100000000000001,0.0,0.80000000000000004,0.80000000000000004|-5.9900000000000002,25.300000000000001,0.0,0.80000000000000004,0.80000000000000004|-4.3899999999999997,17.800000000000001,0.0,0.80000000000000004,0.80000000000000004|-0.089999999999999997,15.800000000000001,0.0,0.80000000000000004,0.80000000000000004|4.0999999999999996,14.0,0.0,0.80000000000000004,0.80000000000000004|8.3000000000000007,11.800000000000001,0.0,0.80000000000000004,0.80000000000000004|12.5,10.1,0.0,0.80000000000000004,0.80000000000000004|17.300000000000001,8.0999999999999996,0.0,0.80000000000000004,0.80000000000000004|21.899999999999999,6.0999999999999996,0.0,0.80000000000000004,0.80000000000000004|26.899999999999999,3.7000000000000002,0.0,0.80000000000000004,0.80000000000000004|31.800000000000001,1.5,0.0,0.80000000000000004,0.80000000000000004|32.899999999999999,0.90000000000000002,0.0,0.79000000000000004,0.79000000000000004|34.200000000000003,0.5,0.0,0.79000000000000004,0.79000000000000004|35.100000000000001,0.0,0.0,0.79000000000000004,0.79000000000000004|36.299999999999997,-0.79000000000000004,0.0,0.80000000000000004,0.80000000000000004|26.600000000000001,4.7999999999999998,0.0,0.79000000000000004,0.79000000000000004|17.300000000000001,10.5,0.0,0.79000000000000004,0.79000000000000004|8.0,16.300000000000001,0.0,0.79000000000000004,0.79000000000000004|-0.48999999999999999,22.399999999999999,0.0,0.79000000000000004,0.79000000000000004|0.10000000000000001,24.0,0.0,0.80000000000000004,0.80000000000000004|1.0,25.399999999999999,0.0,0.80000000000000004,0.80000000000000004|1.8,26.899999999999999,0.0,0.80000000000000004,0.80000000000000004|2.5,28.399999999999999,0.0,0.80000000000000004,0.80000000000000004|3.3999999999999999,29.899999999999999,0.0,0.80000000000000004,0.80000000000000004|4.5999999999999996,31.0,0.0,0.80000000000000004,0.80000000000000004
Zombie_outerarm_hand.png|32.899999999999999,83.099999999999994,0.0,0.80000000000000004,0.80000000000000004|30.899999999999999,82.400000000000006,0.0,0.80000000000000004,0.80000000000000004|29.0,81.799999999999997,0.0,0.80000000000000004,0.80000000000000004|27.199999999999999,81.299999999999997,0.0,0.80000000000000004,0.80000000000000004|25.399999999999999,80.799999999999997,0.0,0.80000000000000004,0.80000000000000004|27.199999999999999,82.200000000000003,0.0,0.80000000000000004,0.80000000000000004|29.199999999999999,83.700000000000003,0.0,0.80000000000000004,0.80000000000000004|31.199999999999999,85.200000000000003,0.0,0.80000000000000004,0.80000000000000004|33.5,86.700000000000003,0.0,0.80000000000000004,0.80000000000000004|35.299999999999997,86.799999999999997,0.0,0.80000000000000004,0.80000000000000004|36.899999999999999,86.900000000000006,0.0,0.79000000000000004,0.79000000000000004|38.700000000000003,87.099999999999994,0.0,0.79000000000000004,0.79000000000000004|40.5,87.099999999999994,0.0,0.80000000000000004,0.80000000000000004|42.0,87.799999999999997,0.0,0.79000000000000004,0.79000000000000004|43.5,88.299999999999997,0.0,0.79000000000000004,0.79000000000000004|45.0,89.099999999999994,0.0,0.79000000000000004,0.79000000000000004|46.5,89.700000000000003,0.0,0.80000000000000004,0.80000000000000004|45.799999999999997,90.400000000000006,0.0,0.79000000000000004,0.79000000000000004|45.0,91.200000000000003,0.0,0.79000000000000004,0.79000000000000004|44.200000000000003,91.799999999999997,0.0,0.79000000000000004,0.79000000000000004|43.200000000000003,92.5,0.0,0.79000000000000004,0.79000000000000004|39.5,91.400000000000006,0.0,0.79000000000000004,0.79000000000000004|35.899999999999999,90.200000000000003,0.0,0.79000000000000004,0.79000000000000004|32.299999999999997,89.099999999999994,0.0,0.79000000000000004,0.79000000000000004|28.800000000000001,87.799999999999997,0.0,0.79000000000000004,0.79000000000000004|29.199999999999999,87.299999999999997,0.0,0.79000000000000004,0.79000000000000004|29.5,87.0,0.0,0.79000000000000004,0.79000000000000004|30.0,86.599999999999994,0.0,0.79000000000000004,0.79000000000000004|30.300000000000001,86.099999999999994,0.0,0.79000000000000004,0.79000000000000004|28.899999999999999,84.5,0.0,0.79000000000000004,0.79000000000000004|27.699999999999999,83.0,0.0,0.79000000000000004,0.79000000000000004|26.5,81.599999999999994,0.0,0.79000000000000004,0.79000000000000004|25.399999999999999,80.200000000000003,0.0,0.79000000000000004,0.79000000000000004|24.5,77.299999999999997,0.0,0.79000000000000004,0.79000000000000004|23.899999999999999,74.5,0.0,0.79000000000000004,0.79000000000000004|23.5,72.099999999999994,0.0,0.79000000000000004,0.79000000000000004|23.300000000000001,70.0,0.0,0.79000000000000004,0.79000000000000004|23.600000000000001,71.900000000000006,0.0,0.79000000000000004,0.79000000000000004|23.699999999999999,73.799999999999997,0.0,0.79000000000000004,0.79000000000000004|24.0,75.799999999999997,0.0,0.79000000000000004,0.79000000000000004|24.300000000000001,77.799999999999997,0.0,0.79000000000000004,0.79000000000000004|25.699999999999999,78.700000000000003,0.0,0.79000000000000004,0.79000000000000004|27.100000000000001,79.400000000000006,0.0,0.79000000000000004,0.79000000000000004|28.600000000000001,80.400000000000006,0.0,0.79000000000000004,0.79000000000000004|30.0,81.299999999999997,0.0,0.80000000000000004,0.80000000000000004|31.600000000000001,82.200000000000003,0.0,0.80000000000000004,0.80000000000000004|32.899999999999999,83.099999999999994,0.0,0.80000000000000004,0.80000000000000004
Zombie_outerarm_upper.png|42.700000000000003,42.5,0.0,0.80000000000000004,0.80000000000000004|41.5,40.899999999999999,0.0,0.80000000000000004,0.80000000000000004|40.399999999999999,39.299999999999997,0.0,0.80000000000000004,0.80000000000000004|39.100000000000001,37.799999999999997,0.0,0.80000000000000004,0.80000000000000004|38.0,36.100000000000001,0.0,0.80000000000000004,0.80000000000000004|37.200000000000003,36.0,0.0,0.80000000000000004,0.80000000000000004|36.299999999999997,36.0,0.0,0.80000000000000004,0.80000000000000004|35.5,36.0,0.0,0.80000000000000004,0.80000000000000004|34.5,35.899999999999999,0.0,0.80000000000000004,0.80000000000000004|35.100000000000001,36.100000000000001,0.0,0.80000000000000004,0.80000000000000004|35.899999999999999,36.299999999999997,0.0,0.80000000000000004,0.80000000000000004|36.5,36.5,0.0,0.80000000000000004,0.80000000000000004|37.200000000000003,36.899999999999999,0.0,0.80000000000000004,0.80000000000000004|37.0,37.799999999999997,0.0,0.80000000000000004,0.80000000000000004|36.799999999999997,38.600000000000001,0.0,0.80000000000000004,0.80000000000000004|36.399999999999999,39.5,0.0,0.80000000000000004,0.80000000000000004|36.0,40.299999999999997,0.0,0.80000000000000004,0.80000000000000004|35.200000000000003,41.399999999999999,0.0,0.80000000000000004,0.80000000000000004|34.399999999999999,42.5,0.0,0.80000000000000004,0.80000000000000004|33.5,43.700000000000003,0.0,0.80000000000000004,0.80000000000000004|32.700000000000003,44.799999999999997,0.0,0.80000000000000004,0.80000000000000004|32.100000000000001,43.799999999999997,0.0,0.80000000000000004,0.80000000000000004|31.5,43.0,0.0,0.80000000000000004,0.80000000000000004|30.800000000000001,42.0,0.0,0.79000000000000004,0.79000000000000004|30.300000000000001,41.299999999999997,0.0,0.80000000000000004,0.80000000000000004|31.699999999999999,40.899999999999999,0.0,0.79000000000000004,0.79000000000000004|33.100000000000001,40.600000000000001,0.0,0.79000000000000004,0.79000000000000004|34.600000000000001,40.100000000000001,0.0,0.79000000000000004,0.79000000000000004|36.0,39.899999999999999,0.0,0.80000000000000004,0.80000000000000004|37.5,39.200000000000003,0.0,0.79000000000000004,0.79000000000000004|39.0,38.600000000000001,0.0,0.79000000000000004,0.79000000000000004|40.399999999999999,38.0,0.0,0.79000000000000004,0.79000000000000004|41.899999999999999,37.5,0.0,0.79000000000000004,0.79000000000000004|42.799999999999997,37.0,0.0,0.79000000000000004,0.79000000000000004|43.899999999999999,36.5,0.0,0.79000000000000004,0.79000000000000004|44.799999999999997,36.0,0.0,0.79000000000000004,0.79000000000000004|45.899999999999999,35.5,0.0,0.79000000000000004,0.79000000000000004|43.299999999999997,36.200000000000003,0.0,0.79000000000000004,0.79000000000000004|40.600000000000001,37.0,0.0,0.79000000000000004,0.79000000000000004|38.200000000000003,37.799999999999997,0.0,0.79000000000000004,0.79000000000000004|35.600000000000001,38.600000000000001,0.0,0.79000000000000004,0.79000000000000004|36.799999999999997,39.299999999999997,0.0,0.79000000000000004,0.79000000000000004|38.0,39.899999999999999,0.0,0.80000000000000004,0.80000000000000004|39.200000000000003,40.5,0.0,0.80000000000000004,0.80000000000000004|40.5,41.0,0.0,0.80000000000000004,0.80000000000000004|41.600000000000001,41.700000000000003,0.0,0.80000000000000004,0.80000000000000004|42.700000000000003,42.5,0.0,0.80000000000000004,0.80000000000000004
Zombie_outerarm_lower.png|36.299999999999997,66.0,0.0,0.80000000000000004,0.80000000000000004|34.5,64.599999999999994,0.0,0.80000000000000004,0.80000000000000004|32.899999999999999,63.100000000000001,0.0,0.80000000000000004,0.80000000000000004|31.199999999999999,61.799999999999997,0.0,0.80000000000000004,0.80000000000000004|29.399999999999999,60.299999999999997,0.0,0.80000000000000004,0.80000000000000004|29.699999999999999,61.200000000000003,0.0,0.80000000000000004,0.80000000000000004|30.0,62.100000000000001,0.0,0.80000000000000004,0.80000000000000004|30.399999999999999,63.100000000000001,0.0,0.80000000000000004,0.80000000000000004|30.899999999999999,64.099999999999994,0.0,0.80000000000000004,0.80000000000000004|31.699999999999999,64.799999999999997,0.0,0.80000000000000004,0.80000000000000004|32.600000000000001,65.5,0.0,0.80000000000000004,0.80000000000000004|33.5,66.200000000000003,0.0,0.80000000000000004,0.80000000000000004|34.5,67.0,0.0,0.80000000000000004,0.80000000000000004|35.200000000000003,67.799999999999997,0.0,0.79000000000000004,0.79000000000000004|36.0,68.700000000000003,0.0,0.79000000000000004,0.79000000000000004|36.600000000000001,69.599999999999994,0.0,0.79000000000000004,0.79000000000000004|37.5,70.5,0.0,0.80000000000000004,0.80000000000000004|36.600000000000001,70.799999999999997,0.0,0.79000000000000004,0.79000000000000004|35.600000000000001,71.299999999999997,0.0,0.79000000000000004,0.79000000000000004|34.700000000000003,71.700000000000003,0.0,0.79000000000000004,0.79000000000000004|33.799999999999997,72.099999999999994,0.0,0.80000000000000004,0.80000000000000004|32.0,70.900000000000006,0.0,0.79000000000000004,0.79000000000000004|30.399999999999999,69.900000000000006,0.0,0.79000000000000004,0.79000000000000004|28.800000000000001,68.799999999999997,0.0,0.79000000000000004,0.79000000000000004|27.199999999999999,67.799999999999997,0.0,0.79000000000000004,0.79000000000000004|28.100000000000001,67.299999999999997,0.0,0.79000000000000004,0.79000000000000004|28.899999999999999,66.799999999999997,0.0,0.79000000000000004,0.79000000000000004|29.800000000000001,66.299999999999997,0.0,0.79000000000000004,0.79000000000000004|30.600000000000001,66.0,0.0,0.79000000000000004,0.79000000000000004|30.699999999999999,64.799999999999997,0.0,0.79000000000000004,0.79000000000000004|30.899999999999999,63.700000000000003,0.0,0.79000000000000004,0.79000000000000004|31.199999999999999,62.600000000000001,0.0,0.79000000000000004,0.79000000000000004|31.300000000000001,61.700000000000003,0.0,0.79000000000000004,0.79000000000000004|30.600000000000001,60.5,0.0,0.79000000000000004,0.79000000000000004|30.100000000000001,59.299999999999997,0.0,0.79000000000000004,0.79000000000000004|29.5,58.200000000000003,0.0,0.79000000000000004,0.79000000000000004|28.899999999999999,56.899999999999999,0.0,0.79000000000000004,0.79000000000000004|28.0,58.600000000000001,0.0,0.79000000000000004,0.79000000000000004|27.100000000000001,60.399999999999999,0.0,0.79000000000000004,0.79000000000000004|26.199999999999999,62.100000000000001,0.0,0.79000000000000004,0.79000000000000004|25.300000000000001,63.899999999999999,0.0,0.79000000000000004,0.79000000000000004|27.199999999999999,64.200000000000003,0.0,0.79000000000000004,0.79000000000000004|29.0,64.599999999999994,0.0,0.79000000000000004,0.79000000000000004|30.899999999999999,64.900000000000006,0.0,0.80000000000000004,0.80000000000000004|32.600000000000001,65.299999999999997,0.0,0.80000000000000004,0.80000000000000004|34.5,65.599999999999994,0.0,0.80000000000000004,0.80000000000000004|36.299999999999997,66.0,0.0,0.80000000000000004,0.80000000000000004
Zombie_hair.png|2.6000000000000001,6.2000000000000002,0.0,0.80000000000000004,0.80000000000000004|5.7000000000000002,1.3999999999999999,0.0,0.80000000000000004,0.80000000000000004|9.0999999999999996,-3.29,0.0,0.80000000000000004,0.80000000000000004|12.5,-7.5899999999999999,0.0,0.80000000000000004,0.80000000000000004|16.300000000000001,-11.99,0.0,0.80000000000000004,0.80000000000000004|19.699999999999999,-13.69,0.0,0.80000000000000004,0.80000000000000004|23.100000000000001,-15.49,0.0,0.80000000000000004,0.80000000000000004|26.699999999999999,-17.09,0.0,0.80000000000000004,0.80000000000000004|30.300000000000001,-18.890000000000001,0.0,0.80000000000000004,0.80000000000000004|32.200000000000003,-19.890000000000001,0.0,0.80000000000000004,0.80000000000000004|34.0,-20.789999999999999,0.0,0.80000000000000004,0.80000000000000004|36.100000000000001,-21.890000000000001,0.0,0.80000000000000004,0.80000000000000004|38.100000000000001,-23.09,0.0,0.80000000000000004,0.80000000000000004|36.299999999999997,-20.690000000000001,0.0,0.80000000000000004,0.80000000000000004|34.600000000000001,-18.390000000000001,0.0,0.80000000000000004,0.80000000000000004|32.899999999999999,-16.09,0.0,0.80000000000000004,0.80000000000000004|31.0,-13.789999999999999,0.0,0.80000000000000004,0.80000000000000004|21.5,-8.4900000000000002,0.0,0.80000000000000004,0.80000000000000004|12.199999999999999,-2.9900000000000002,0.0,0.80000000000000004,0.80000000000000004|3.2000000000000002,3.2000000000000002,0.0,0.80000000000000004,0.80000000000000004|-5.29,9.6999999999999993,0.0,0.80000000000000004,0.80000000000000004|-7.4900000000000002,11.1,0.0,0.80000000000000004,0.80000000000000004|-9.3900000000000006,12.300000000000001,0.0,0.80000000000000004,0.80000000000000004|-5.6900000000000004,2.6000000000000001,0.0,0.80000000000000004,0.80000000000000004|-1.1899999999999999,-6.79,0.0,0.80000000000000004,0.80000000000000004|3.5,-8.6899999999999995,0.0,0.80000000000000004,0.80000000000000004|8.3000000000000007,-10.390000000000001,0.0,0.80000000000000004,0.80000000000000004|13.199999999999999,-12.49,0.0,0.80000000000000004,0.80000000000000004|18.0,-13.99,0.0,0.80000000000000004,0.80000000000000004|23.5,-15.99,0.0,0.80000000000000004,0.80000000000000004|28.699999999999999,-17.890000000000001,0.0,0.80000000000000004,0.80000000000000004|34.299999999999997,-19.890000000000001,0.0,0.80000000000000004,0.80000000000000004|39.799999999999997,-21.890000000000001,0.0,0.80000000000000004,0.80000000000000004|41.399999999999999,-22.390000000000001,0.0,0.79000000000000004,0.79000000000000004|43.200000000000003,-22.690000000000001,0.0,0.79000000000000004,0.79000000000000004|44.600000000000001,-22.989999999999998,0.0,0.79000000000000004,0.79000000000000004|46.200000000000003,-23.390000000000001,0.0,0.80000000000000004,0.80000000000000004|34.299999999999997,-18.489999999999998,0.0,0.79000000000000004,0.79000000000000004|22.899999999999999,-13.289999999999999,0.0,0.79000000000000004,0.79000000000000004|11.300000000000001,-7.8899999999999997,0.0,0.79000000000000004,0.79000000000000004|0.59999999999999998,-2.29,0.0,0.79000000000000004,0.79000000000000004|0.90000000000000002,-0.89000000000000001,0.0,0.80000000000000004,0.80000000000000004|1.1000000000000001,0.5,0.0,0.80000000000000004,0.80000000000000004|1.5,2.1000000000000001,0.0,0.80000000000000004,0.80000000000000004|1.8,3.5,0.0,0.80000000000000004,0.80000000000000004|2.1000000000000001,5.0,0.0,0.80000000000000004,0.80000000000000004|2.6000000000000001,6.2000000000000002,0.0,0.80000000000000004,0.80000000000000004